Current:	200uA
Nodes:		32
Cycles:		10
Elapsed time:	0.67584 seconds
Frequency:	14.79631 Hz

0.000000000	3.022659540	3.341808796	3.487906456	3.553298712	3.587831020	3.609394073	3.635722876	3.629863262	3.630097866	3.645488739	3.684239864	3.658145428	3.634941578	3.627050877	3.551189423	3.586346626	3.600175142	3.606425285	3.607362747	3.601034403	3.599237442	3.602596998	0.003359465	0.000937525	0.927993715	2.135838747	2.849920511	3.236727715	3.418216944	3.515954018	3.568924189
3.601815701	3.524704218	0.000000000	3.566580534	3.592206001	3.600487471	3.514391422	3.567205429	3.614550352	3.622988224	3.628691435	3.648379564	3.686114788	3.615488052	3.609941006	3.614315987	3.617753744	3.416185856	3.515954018	3.561814785	3.585018396	3.590096712	3.592206001	0.000000000	0.076486439	1.251127481	2.442253351	3.018987656	3.322355032	3.486500025	3.552126884	3.587831020
3.554002047	3.592128038	3.525094986	3.575408697	0.000000000	3.599393845	3.602518797	3.607909679	3.619472504	3.641895056	3.635332346	3.633925915	3.651660919	3.690411806	3.664005041	3.639082432	3.630254030	3.627128839	3.630800962	3.624316454	3.616972446	3.613065958	3.603768826	0.003437593	0.002109432	0.932446957	2.138182640	2.820700884	3.194226742	3.407357454	3.530407667	3.529235601
3.573221207	3.600487471	3.623144388	3.552048683	3.588065386	3.617050648	0.000000000	3.617675543	3.619081736	3.628613234	3.651348352	3.645332575	3.646113873	3.662911177	3.699084044	3.670645714	3.644863844	3.636972904	3.633066654	3.635801077	3.626816511	3.621738195	3.616972446	0.003359465	0.007500202	0.924087405	2.105759859	2.827966690	3.190945387	3.388216257	3.509625673	3.567049265
3.595878124	3.612050295	3.626035213	3.639082432	3.548298597	3.581346512	3.607206583	3.621035099	0.000000000	3.617050648	3.623066425	3.645098209	3.638691664	3.639551163	3.656582832	3.693458796	3.667286158	3.643457413	3.634160280	3.630254030	3.633691549	3.627597809	3.620253801	0.003125084	0.002968830	0.920337260	2.076931000	2.784606218	3.192585945	3.381575346	3.458452463	3.545564175
3.601815701	3.611815929	3.620722532	3.631816626	3.645801306	3.551345587	3.582518339	3.604706526	3.616347313	3.615488052	0.000000000	3.617831707	3.638691664	3.633301020	3.635175943	3.652832747	3.690724373	3.662911177	3.641113758	3.633222818	3.631191492	3.634160280	3.627832174	0.003359465	0.002734449	0.939556539	2.095368862	2.789918900	3.178991795	3.399232149	3.480953217	3.541032791
3.589002848	3.625097513	3.630019665	3.634629250	3.639629364	3.646504402	3.544236183	3.577908754	3.600722075	3.612753630	3.612128496	3.614862919	0.000000000	3.634004116	3.627285242	3.630019665	3.648301363	3.687521219	3.661426783	3.637754202	3.628144503	3.625097513	0.000000000	0.003359465	0.000000000	0.947838008	2.088728189	2.772418499	3.152741194	3.364465714	3.494312763	3.522907257
3.558611393	3.594706297	3.627050877	3.630019665	3.630332232	3.634316683	3.639316797	3.542751551	3.578377724	3.600331306	3.610409737	3.607753515	3.608456612	3.618222475	0.000000000	3.615019321	3.617831707	3.640176058	3.681114674	3.656114101	3.632832289	3.623222589	3.619941235	0.003515720	0.002656322	0.966588557	2.092790842	2.771949768	3.146569014	3.348058939	3.464859009	3.532595158
3.559080124	3.576736927	3.604706526	3.631816626	3.628691435	3.627363205	3.629316568	3.634551048	3.547439337	3.584237099	3.610175371	3.621503830	3.619081736	3.620019436	3.627832174	3.649473190	0.000000000	3.642676115	3.655176640	3.691661835	3.666192532	3.642676115	3.634160280	3.631191492	3.630800962	3.628144503	3.623222589	3.619316101	3.612441063	3.578612089	3.597128153	3.624238253
3.624160051	3.624082088	3.639394999	3.655801535	3.646035671	3.642676115	3.643379450	0.003359465	0.002656322	1.150577903	2.344438076	2.959298372	3.275166273	3.431264162	3.515485287	3.566189766	3.609628439	3.611737967	0.000000000	3.630878925	3.673458338	3.652364016	3.632441521	3.625566483	3.622519493	3.625332117	3.618691206	3.612519264	3.608690977	3.462358952	3.524391890	3.564549208
3.604862690	3.606112719	3.610409737	3.627207041	3.645801306	3.638144970	3.634394646	0.003515720	0.001484415	1.051981449	2.243497849	2.892968416	3.235790253	3.414232492	3.498844147	3.547126770	3.578377724	3.611269236	3.607362747	3.615409851	0.000000000	3.662754774	3.640722990	3.620800734	3.613065958	3.609550238	3.614628553	3.609941006	3.571346283	3.576815128	3.576736927	3.578924417
3.587987185	3.609003544	3.603300095	3.603612661	3.620722532	3.638613701	3.631816626	0.003359465	0.006718931	1.015808582	2.243029118	2.813982010	3.185163975	3.385872364	3.491578341	3.538767099	3.564939737	3.586815357	3.615644217	3.612909794	3.618691206	3.642441750	0.000000000	3.623144388	3.610097170	3.607987881	3.606659651	3.612284899	3.556111336	3.571346283	3.581502676	3.579627752
3.580487013	3.588455915	3.607753515	3.600878239	3.598925114	3.615409851	3.633222818	0.003515720	0.000312508	0.987292230	2.186465025	2.864373922	3.114849567	3.351418495	3.481031179	3.547829866	3.576580763	3.591581106	3.608300209	3.633847952	3.631269693	3.633535385	3.652754545	3.691740036	0.000000000	3.669473886	3.647832632	3.637988567	3.615722418	3.619706869	3.619863033	3.616112947
3.607440948	3.607597113	3.612362862	3.631425858	3.623691320	3.622519493	3.637363672	0.003515720	0.004453245	0.985026538	2.196777821	2.885859013	3.245399952	3.319933176	3.454858780	3.531110764	3.570408583	3.583768368	3.593612432	3.607675314	3.629863262	3.625332117	3.625410080	3.642988682	3.681271076	3.658223629	0.000000000	3.591971636	3.605409622	3.619316101	3.620253801	3.616425514
3.611737967	3.602206469	3.599784374	3.606347084	3.624472618	3.616894245	3.615409851	0.003203211	0.005937660	0.985495269	2.173886776	2.860702038	3.224852562	3.418685913	3.415404558	3.501422405	3.552752018	3.578455687	3.584627867	3.592831135	3.605722189	3.628457069	3.622206926	3.620956898	3.635957241	3.675255299	3.620331764	3.615253687	0.000000000	3.612597227	3.616894245	3.614550352
3.609081507	3.603690863	3.594081163	3.591659307	3.597128153	3.615097284	3.607518911	0.003359465	0.005859533	0.963854074	2.171464682	2.847420454	3.209539652	3.401888371	3.507282019	3.459858894	3.521579266	3.557908297	3.576658726	3.581346512	3.588768482	3.599237442	3.621738195	3.614550352	3.613222361	3.628925800	3.646191835	3.629707098	3.614784956	3.612675428	0.000000000	3.611972332
3.606815815	3.600487471	3.594393730	3.584080935	3.582674503	3.589549780	3.606034517	0.003359465	0.004375118	0.931665719	2.128963470	2.931641340	3.256962776	3.423920393	3.512829065	3.564861536	0.000000000	3.439702034	3.511110067	3.559783459	3.581033945	3.595878124	3.611737967	3.635879278	3.629004002	3.630175829	3.611894131	3.667598724	3.650332689	3.630878925	3.626269579	3.624003887
3.627128839	3.621816397	3.615644217	3.611425400	3.603456497	3.601190805	3.603690863	0.003359465	0.002031305	0.926118672	2.125916719	2.840467215	3.229071379	3.411185503	3.509782076	3.564314842	3.597284317	3.519626141	0.000000000	3.561267853	3.586034060	3.595096827	3.603456497	3.615019321	3.637363672	3.598534346	3.611894131	3.637676001	3.678771019	3.655801535	3.633691549	3.625800848
3.623300791	3.627285242	3.622753859	3.615331650	3.610644102	3.602362633	3.600253105	0.003515720	0.006406423	0.965260386	2.132088661	2.824919939	3.212430239	3.424623489	3.517282248	3.567830563	3.596503019	3.614315987	3.537907839	3.581580877	0.000000000	3.601346970	3.605097055	3.610175371	3.620409966	3.517829180	3.566424131	3.599862576	3.635801077	3.682755470	3.661114216	3.639004230
3.629628897	3.626503944	3.629238367	3.624706984	3.617675543	3.613691092	3.604862690	0.003437593	0.003203211	0.934243917	2.143338919	2.822966576	3.193601608	3.407747984	3.530095100	3.575955629	3.601112604	3.615331650	3.628144503	3.553376913	3.589159250	3.615956783	0.000000000	3.617128611	3.580174446	3.605175257	3.635722876	3.637598038	3.642129421	3.664005041	3.699162006	3.672364473
3.647051334	3.637910366	3.633222818	3.636035442	3.629160166	3.623456955	3.617831707	0.003359465	0.000546890	0.920571685	2.102712870	2.828044891	3.190867186	3.388138056	3.510719538	3.583846569	3.606034517	3.618300676	3.629238367	3.640019894	3.549548626	3.581580877	3.606425285	3.578768253	0.000000000	3.592518568	3.610644102	3.639004230	3.635801077	3.637832403	3.657520294	3.693068266
3.667051792	3.643379450	3.633847952	3.630488396	3.632754087	3.625957012	3.619003773	0.003203211	0.001718796	0.918462217	2.077165365	2.784840584	3.191726685	3.381028652	3.487906456	3.561736584	3.609550238	3.617988110	3.626035213	3.633613586	3.642988682	3.547595501	3.580252647	3.582518339	3.604315758	3.611503601	0.000000000	3.618066072	3.639863729	3.633457184	3.635488510	3.654317141
3.692599535	3.665176868	3.641348124	3.633613586	3.631191492	3.635254145	3.628925800	0.003437593	0.003828228	0.942681611	2.096462727	2.791247129	3.179069996	3.399232149	3.493844032	3.549548626	3.594471693	3.496812820	3.548923731	3.595409393	3.551658154	3.592128038	3.513610363	3.561658382	3.594471693	3.610878468	3.609862804	3.613534927	0.000000000	3.634941578	3.628378868	3.631113529
3.649317026	3.689239979	3.662598610	3.639160395	3.629316568	3.626191378	0.000000000	0.003515720	0.001093779	0.945572317	2.089821815	2.770855904	3.151491165	3.363528013	3.494234800	3.543376684	3.572674274	3.603847027	3.630488396	3.630488396	3.631894588	3.607362747	3.625175714	3.534782648	3.575408697	3.599003077	3.610175371	3.608534575	3.610565901	3.619081736	0.000000000	3.615488052
3.618378639	3.640566826	3.680880308	3.656114101	3.633457184	3.624550819	3.621816397	0.003281338	0.004531372	0.968776107	2.094665766	2.777496576	3.149381638	3.350637197	3.466812134	3.545251608	3.568142891	3.582283974	3.607518911	3.634316683	3.587752819	3.604706526	3.617988110	3.629863262	3.544704914	3.584080935	3.610019207	3.622206926	3.620956898	3.621269464	3.629238367	3.649160862
0.000000000	3.642988682	3.656582832	3.694161892	3.669005156	3.646816969	3.637910366	3.632285357	3.634863615	3.629863262	3.622753859	3.618613005	3.495016098	3.538923502	3.575018167	3.611894131	3.613691092	3.617128611	3.578612089	3.619785070	3.627675772	3.633222818	3.638613701	0.003515720	0.005703279	1.152296662	2.345375776	2.962267160	3.276338339	3.430483103	3.514079094	3.566189766
3.608456612	3.611269236	0.000000000	3.630019665	3.671427011	3.649942160	3.630566597	3.623535156	3.620409966	3.624472618	3.618066072	3.611425400	3.606503487	3.597675085	3.595643759	3.601503134	3.619316101	3.612050295	3.562595844	3.599393845	3.631191492	3.630644560	3.631269693	0.003437593	0.006172041	1.054481506	2.240841627	2.892030954	3.235087156	3.413295031	3.498687983	3.546345472
3.578612089	3.611191034	3.607284546	3.616034985	0.000000000	3.662208080	3.638926029	3.620097399	3.613925457	3.610878468	3.614159822	3.609784603	3.603143930	3.596815586	3.587362289	3.585643530	3.591815472	3.611737967	3.584159136	3.592440605	3.614238024	3.635957241	3.629628897	0.003437593	0.004531372	1.011980414	2.239825964	2.811247587	3.184148312	3.385716200	3.491109610	3.537439108
3.564939737	3.585174561	3.614159822	3.613300323	3.617362976	3.640019894	0.000000000	3.620253801	3.608144045	3.605956554	3.605175257	3.610175371	3.608222246	3.602128267	3.597596884	3.586737156	3.584862232	3.590409279	3.589627981	3.589940548	3.593690634	3.612128496	3.630878925	0.003359465	0.005781406	0.985104680	2.186152697	2.863670826	3.114146471	3.349855900	3.479468822	3.546501875
3.574471235	3.590565443	3.607675314	3.634394646	3.630488396	3.631738424	3.652910948	3.691271305	0.000000000	3.665958166	3.646191835	3.636582375	3.639004230	3.632441521	3.624628782	3.617519379	3.605253458	3.589237213	3.601503134	3.625175714	3.621738195	3.621035099	3.634941578	0.003359465	0.002031305	0.985573411	2.196309090	2.884686947	3.244540453	3.319386244	3.454936743	3.531970024
3.571033716	3.583690166	3.594628096	3.608222246	3.630722761	3.623925686	3.625644445	3.643066883	3.681661606	3.660567284	0.000000000	3.638691664	3.631425858	3.633847952	3.627285242	3.621581793	3.614472389	3.576580763	3.585643530	3.599081278	3.623769522	3.618144274	3.615566015	0.003515720	0.006093914	0.989948511	2.181933641	2.869296074	3.232352734	3.424701691	3.419232607	3.505719423
3.556502104	3.582987070	3.589784145	3.602206469	3.614628553	3.634785414	3.626660109	3.623378754	3.638535500	3.677130222	3.652988911	3.633613586	0.000000000	3.623847485	3.625019550	3.619472504	3.611737967	3.582987070	3.582440138	3.585487127	3.594315529	3.616269350	3.609237909	0.003515720	0.007578329	0.963229060	2.171699047	2.848670483	3.212352037	3.404310465	3.509547710	3.463062048
3.522282362	3.558767796	3.578299522	3.583065271	3.590096712	3.602831364	3.625488281	3.618378639	3.615253687	3.631972790	3.668926954	3.645566940	3.623691320	3.618456841	0.000000000	3.614238024	3.609315872	3.585565329	3.587284088	3.581658840	3.582127810	3.589159250	3.607518911	0.003437593	0.005859533	0.930493832	2.133651257	2.839529514	3.199851751	3.391185045	3.495875359	3.555095673
0.000000000	3.436967611	3.509469509	3.558220863	3.579783916	3.596112490	3.612284899	3.637207270	3.631660223	3.631738424	3.650410891	3.687755585	3.660332918	3.636972904	3.628769636	3.626191378	3.461577654	3.528063774	3.567674160	3.587909222	3.591971636	3.594159365	3.600643873	0.003281338	0.006797058	0.929009378	2.129901171	2.844217300	3.232040167	3.413763762	3.513219595	3.567674160
3.599081278	3.520251036	0.000000000	3.562049150	3.587362289	3.594706297	3.603378296	3.614159822	3.638301134	3.631504059	3.631660223	3.649473190	3.686114788	3.659473658	3.635879278	3.592518568	3.603065729	3.617285013	3.616425514	3.612050295	3.609159708	3.600800037	3.598612547	0.003437593	0.004765753	0.962135315	2.127479076	2.822888613	3.211102009	3.422670364	3.516422749	3.567752361
3.596034288	3.614003658	3.536579609	3.581815243	0.000000000	3.600487471	3.603143930	3.606815815	3.617519379	3.640410423	3.634082317	3.633457184	3.650957584	3.688693047	3.661661148	3.555642605	3.584080935	3.602440834	3.617050648	3.617675543	3.614315987	3.611269236	3.602987766	0.003359465	0.001328161	0.933462620	2.141620159	2.823279142	3.193367243	3.405560493	3.528610706	3.574315071
3.599159479	3.614003658	3.628300905	3.552283049	3.587752819	3.614706755	0.000000000	3.615956783	3.617988110	3.627441406	3.650254488	3.644238710	3.644629478	3.661192417	3.644082546	3.637207270	3.627519608	3.626894474	3.628925800	3.634004116	3.629082203	3.622441292	3.618144274	0.003359465	0.000859398	0.923931122	2.109744310	2.831794977	3.192507744	3.388997555	3.510719538	3.584705830
3.606268883	3.617362976	3.626660109	3.638535500	3.547908068	3.581737041	3.606190920	3.620253801	0.000000000	3.617441177	3.623535156	3.643848181	3.637598038	3.638769865	3.633535385	3.679864645	3.657989025	3.638222933	3.630878925	3.629863262	3.632675886	3.626191378	3.618769407	0.003359465	0.001484415	0.918071628	2.075212240	2.783903122	3.192117214	3.381419182	3.487672091	3.561267853
3.609941006	3.617675543	3.623378754	3.630878925	3.640488625	3.547126770	3.581033945	3.603847027	3.616112947	3.615488052	0.000000000	3.620409966	3.639785528	3.590331078	3.610253572	3.640722990	3.684630394	3.661817312	3.641269922	3.633066654	3.630722761	3.635254145	3.629863262	0.003515720	0.004765753	0.941587865	2.094509602	2.790075064	3.179616928	3.399700880	3.494156599	3.550251961
3.595487356	3.628378868	3.631425858	3.635332346	3.639863729	3.645723104	3.542595387	3.576033831	3.600487471	3.612831593	3.612050295	3.614706755	0.000000000	3.604784489	3.610331535	3.620019436	3.644863844	3.685489893	3.661504745	3.638066769	3.628535271	3.626269579	0.000000000	0.003437593	0.001171907	0.946275473	2.088493824	2.770855904	3.150709867	3.362981081	3.494000435	3.542829752
3.571658611	3.603065729	3.631347895	3.630254030	3.631035328	3.633535385	3.639863729	3.542361021	3.578065157	3.600253105	3.610722303	3.607831478	3.609394073	3.595956326	0.000000000	3.602050066	3.611737967	3.637207270	3.681661606	3.656661034	3.632128954	3.623456955	3.620253801	0.003203211	0.002968830	0.966510415	2.094353199	2.774762154	3.147115946	3.347902775	3.465483904	3.545564175
3.511422634	3.551501989	3.594393730	3.627441406	3.626347542	3.626660109	3.629785299	3.634707212	3.546814203	3.584002733	3.610878468	3.622910023	3.566892862	3.588768482	3.611269236	3.640488625	0.000000000	3.638379335	3.653223276	3.692990065	3.668067455	3.644629478	3.635644674	3.631269693	3.634004116	3.629082203	3.622285128	3.618535042	3.608456612	3.605722189	3.610097170	3.629160166
3.621738195	3.620331764	3.635879278	3.652832747	3.644395113	3.641582489	3.642519951	0.003437593	0.001796923	1.152999759	2.348188162	2.961642265	3.287510395	3.437358141	3.518844843	3.569314957	3.611191034	3.613300323	0.000000000	3.632675886	3.675098896	3.653926611	3.632910252	3.624706984	3.621113062	3.624706984	3.617050648	3.611737967	3.606972218	3.598143816	3.596112490	3.601268768
3.621035099	3.613691092	3.612050295	3.628378868	3.644473076	3.498531818	3.562517881	0.003359465	0.007734583	1.061200500	2.361782312	2.962267160	3.273603678	3.432670593	3.508141279	3.552361250	3.581346512	3.612362862	3.609394073	3.616972446	0.000000000	3.662208080	3.638848066	3.620019436	3.614003658	3.609706640	3.615175486	3.610487938	3.604081392	3.597675085	3.587284088	3.585565329
3.593378067	3.612831593	3.605018854	3.604003191	3.620488167	3.637910366	3.631035328	0.003359465	0.005937660	1.178313017	2.366157532	2.874686718	3.216883421	3.403529167	3.500562906	3.542517185	3.567908525	3.589471579	3.617909908	3.614159822	3.618300676	3.640488625	0.000000000	3.620175600	3.607597113	3.606347084	3.604706526	3.610644102	3.606503487	3.601268768	3.595956326	3.585799694
3.487906456	3.525172949	3.575799465	3.585877895	3.591659307	3.611191034	3.629082203	0.002265686	0.003984482	1.000105023	2.219512939	2.887890339	3.129146814	3.357903004	3.482828140	3.548220634	3.576346397	3.591424942	3.608378410	3.634785414	3.631113529	3.632988453	3.651270151	3.689552546	0.000000000	3.665489435	3.645488739	3.636894703	3.638457298	3.631582260	3.624706984	3.618456841
3.606815815	3.605253458	3.612050295	3.630332232	3.622441292	3.621894360	3.598222017	0.003046957	0.004375118	0.990261018	2.207637548	2.893593550	3.250321865	3.323683262	3.457436800	3.532438993	3.572049379	3.584315300	3.595175028	3.606972218	3.631504059	3.625800848	3.627285242	3.644941807	3.684864759	3.662286043	0.000000000	3.640254259	3.630957127	3.633847952	3.628535271	3.621503830
3.612987995	3.604784489	3.601815701	3.608769178	3.627050877	3.620722532	3.579002619	0.002890703	0.000781271	0.996354938	2.196309090	2.876483679	3.233524561	3.423842192	3.417982578	3.503141165	3.553298712	3.577674389	3.584315300	3.593378067	3.607128382	3.629394531	3.623613119	3.622206926	3.638379335	3.675880194	3.652676582	3.634472847	0.000000000	3.622988224	3.624472618	3.618535042
3.610722303	3.605331421	3.593456030	3.591034174	3.597128153	3.616659880	3.588065386	0.003281338	0.002031305	0.966276050	2.180527449	2.856170654	3.215633392	3.406341791	3.510329008	3.462983847	3.524548054	3.560486555	3.578377724	3.583690166	3.591659307	3.602518797	3.624706984	3.617988110	3.616738081	3.633691549	3.670098782	3.645723104	3.624628782	3.619628668	0.000000000	3.614941120
3.610331535	3.604472160	3.598378181	3.585955858	3.584237099	3.591502905	3.591190577	0.003281338	0.005156389	0.932915747	2.135526180	2.840701580	3.202117443	3.392903805	3.496891022	3.556580067	0.000000000	3.440952063	3.514391422	3.560799122	3.582049608	3.595096827	3.610722303	3.636738539	3.631660223	3.631504059	3.649160862	3.688224316	3.661036015	3.636582375	3.627519608	3.624472618
3.561033487	3.586815357	3.597206354	3.601581335	3.595175028	3.534392118	3.568377256	0.003203211	0.005781406	0.930259407	2.137323141	2.851561069	3.236415386	3.415795088	3.513532162	3.567986727	3.598690748	3.520719767	0.000000000	3.561424017	3.589002848	3.597128153	3.604237795	3.616503716	3.638457298	3.630488396	3.631738424	3.649551392	3.687052488	3.659239054	3.636113644	3.628300905
3.624394417	3.627675772	3.622597456	3.615956783	3.585330963	3.586659193	3.591971636	0.003359465	0.005937660	0.961900890	2.130760431	2.825232267	3.211805344	3.423139095	3.516579151	3.566580534	3.595799923	3.613925457	3.538142204	3.581033945	0.000000000	3.600331306	3.602596998	3.608690977	3.619238138	3.642051220	3.634551048	3.632988453	3.651817083	3.689396143	3.662208080	3.637598038
3.628144503	3.625175714	3.628535271	3.624550819	3.597284317	3.602284431	3.599003077	0.003437593	0.005156389	0.938540876	2.148885965	2.827341795	3.196492434	3.406810522	3.529313803	3.575643063	3.600018740	3.615019321	3.628222704	3.384387970	3.506109953	3.578455687	0.000000000	3.600409508	3.610175371	3.622285128	3.645957470	3.640254259	3.641113758	3.656348467	3.695724487	3.669083118
3.566345930	3.589471579	3.606503487	3.622363091	3.622441292	3.621347427	3.616425514	0.003359465	0.006953312	0.921118557	2.099822283	2.825310469	3.189148426	3.386575460	3.509000778	3.584080935	3.604940891	3.616269350	3.627675772	3.639629364	3.549001932	3.580799580	3.605878353	3.620097399	0.000000000	3.617441177	3.622441292	3.644082546	3.637285471	3.637129307	3.654473305	3.692130566
3.636035442	3.623691320	3.624082088	3.625722647	3.631035328	3.626738310	3.618300676	0.003281338	0.001015652	0.918618500	2.078181028	2.784059286	3.192039013	3.381340981	3.487984657	3.561736584	3.609862804	3.617519379	3.624394417	3.632207155	3.641113758	3.546345472	3.580252647	3.603300095	3.615644217	3.614628553	0.000000000	3.618769407	3.640098095	3.634394646	3.636191607	3.653692245
3.668536186	3.651582718	3.634629250	3.630175829	3.630097866	3.634160280	3.628378868	0.003359465	0.003281338	0.938619018	2.093337536	2.789059401	3.178523064	3.398138285	3.493297100	3.547282934	3.591815472	3.624238253	3.627207041	3.630878925	3.635410309	3.641426086	3.539392233	3.575721264	3.599315643	3.611737967	3.610644102	3.613612890	0.000000000	3.629707098	3.624628782	3.607987881
3.637285471	3.684396029	3.661504745	3.639394999	3.632207155	3.634160280	0.000000000	0.003359465	0.001250034	0.944556713	2.085759401	2.768043280	3.149772406	3.361574888	3.492984772	3.543376684	3.570955515	3.601737738	3.630800962	3.629863262	3.631582260	3.635019779	3.640098095	3.542361021	3.578221321	3.600800037	3.610331535	3.607753515	3.608300209	3.617128611	0.000000000	3.613222361
3.576189995	3.616894245	3.668692589	3.648613930	3.627910137	3.621035099	3.618613005	0.003515720	0.001328161	0.966666639	2.094118834	2.773199797	3.147662878	3.349152803	3.466499567	3.545798540	3.567752361	3.581971407	3.607753515	3.633847952	3.629628897	3.630566597	3.633378983	3.639082432	3.551579952	3.588690281	3.613222361	3.625410080	3.621581793	3.620566368	3.627285242	3.625488281
0.000000000	3.629628897	3.649473190	3.691427469	3.666192532	3.642598152	3.634863615	3.631504059	3.632207155	3.627050877	3.620253801	3.614784956	3.604862690	3.602284431	3.609237909	3.628535271	3.619394302	3.617753744	3.633769751	3.652442217	3.644473076	3.641816854	3.643066883	0.003281338	0.002343813	1.152062297	2.344828844	2.956954718	3.273994446	3.429779768	3.513844728	3.547282934
3.598456383	3.605800152	0.000000000	3.629160166	3.672598839	3.651035786	3.630019665	3.623535156	3.620644331	3.623769522	3.617285013	3.610644102	3.606347084	3.597518682	3.594002962	3.600800037	3.620409966	3.612597227	3.611425400	3.627753973	3.645254374	3.637676001	3.633769751	0.003437593	0.000859398	1.053309560	2.241388559	2.890390396	3.233368397	3.411185503	3.471968412	3.529469967
3.569236755	3.605565786	3.604393959	3.614784956	0.000000000	3.662442446	3.639082432	3.618613005	3.612128496	3.609784603	3.614628553	3.608378410	3.602128267	3.596815586	3.588846684	3.587049723	3.593065500	3.612206697	3.605722189	3.603847027	3.619941235	3.638926029	3.631269693	0.003515720	0.006172041	1.014167905	2.241466522	2.811716318	3.183367014	3.385481834	3.376653433	3.477203131
3.532360792	3.570799351	3.609550238	3.612128496	3.617909908	3.639238596	0.000000000	3.619550705	3.607284546	3.604784489	3.604081392	3.610019207	3.606190920	3.600878239	3.596034288	3.587284088	3.584471464	3.589315414	3.607050180	3.599315643	3.597753048	3.614862919	3.631660223	0.003437593	0.006562677	0.985339046	2.187949657	2.864608288	3.114615202	3.337589979	3.471421719	3.542595387
3.571971178	3.589237213	3.606581450	3.632832289	3.629316568	3.632207155	3.652051449	3.690411806	0.000000000	3.665176868	3.643769979	3.635644674	3.637285471	3.631269693	3.625253916	3.617831707	3.606972218	3.605331421	3.610487938	3.629238367	3.622519493	3.620956898	3.635175943	0.003437593	0.002265686	0.984870255	2.199356079	2.885468245	3.243134260	3.313917398	3.451499224	3.529469967
3.569705486	3.583221436	3.594628096	3.608378410	3.631660223	3.627128839	3.628691435	3.646426439	3.684239864	3.662286043	0.000000000	3.638691664	3.630254030	3.632519722	3.627675772	3.621113062	3.614081621	3.603378296	3.601034403	3.606737852	3.626113176	3.619003773	3.617909908	0.003203211	0.000625017	0.987057805	2.171542883	2.858280182	3.223055601	3.414857626	3.410326242	3.497594118
3.549314260	3.576502562	3.584705830	3.594315529	3.606581450	3.628378868	3.622519493	3.621659994	3.638926029	3.677052259	3.654082775	3.634863615	0.000000000	3.623144388	3.623847485	3.619394302	3.611659765	3.605175257	3.595565557	3.592362404	3.598534346	3.617597342	3.609706640	0.003359465	0.000234381	0.966510415	2.175839901	2.851795435	3.208758354	3.404232264	3.510094643	3.462436914
3.522360563	3.558299065	3.578377724	3.583690166	3.590878010	3.601659536	3.623847485	3.616972446	3.615253687	3.631347895	3.670020819	3.644551277	3.624003887	3.617050648	0.000000000	3.494078398	3.537595272	3.562986612	3.576580763	3.578143120	3.580487013	3.587909222	3.606268883	0.003437593	0.004609499	0.929556310	2.129744768	2.871952295	3.222899199	3.405873060	3.505485058	3.562049150
0.000000000	3.443686485	3.513219595	3.560564756	3.581268311	3.595878124	3.612206697	3.637129307	3.631816626	3.631582260	3.649082661	3.688536882	3.664864302	3.639472961	3.629316568	3.623378754	3.626113176	3.620878696	3.613456726	3.609237909	3.600175142	3.597753048	3.601268768	0.003437593	0.007422075	0.930415690	2.131619930	2.879140139	3.253837585	3.426186085	3.519313574	3.570564985
3.601112604	3.523376226	0.000000000	3.563689709	3.588924885	3.597518682	3.604784489	3.616503716	3.637988567	3.630410194	3.630410194	3.648691893	3.685255527	3.659082890	3.636582375	3.626738310	3.521032333	3.559861422	3.583143473	3.596971750	3.602362633	3.597675085	3.597049952	0.003281338	0.003203211	1.247924209	2.353969574	2.957892179	3.283213377	3.462905645	3.539392233	3.580018282
3.603065729	3.618691206	3.539704800	3.581971407	0.000000000	3.601268768	3.604550123	3.610722303	3.620409966	3.642441750	3.635644674	3.634316683	3.652520180	3.690724373	3.664473772	3.640722990	3.630488396	3.627050877	3.631738424	3.626660109	3.619706869	3.615800619	3.607440948	0.003359465	0.005781406	1.121905208	2.299280643	2.916328430	3.245556116	3.435326815	3.545095444	3.585096598
3.605800152	3.617519379	3.631425858	3.555720806	3.590018511	3.617206812	0.000000000	3.618222475	3.619394302	3.628378868	3.648848295	3.641973019	3.642988682	3.659708023	3.697052717	3.670411348	3.645488739	3.635019779	3.632363558	3.634316683	3.628613234	3.622050762	3.617988110	0.003515720	0.000703144	0.941509724	2.152401686	2.861092567	3.208211422	3.397825956	3.515719652	3.587987185
3.607128382	3.617753744	3.626816511	3.639394999	3.548220634	3.582362175	3.608925343	3.622206926	0.000000000	3.618066072	3.624160051	3.644551277	3.637598038	3.637676001	3.655020237	3.691974401	3.666583061	3.643066883	3.634629250	3.629941463	3.632910252	3.627363205	3.619472504	0.000000000	0.025625691	0.937681496	2.118885279	2.816794634	3.211570978	3.392356873	3.495016098	3.566267967
3.613612890	3.621035099	3.627910137	3.633613586	3.642519951	3.548455000	3.582909107	3.603690863	3.616503716	3.615878582	0.000000000	3.620722532	3.641191721	3.636113644	3.637754202	3.656035900	3.693224430	3.667676926	3.644238710	3.636035442	3.631347895	3.634863615	3.627675772	0.000000000	0.033829037	0.954635084	2.129354239	2.820388556	3.194773436	3.407123089	3.498531818	3.551189423
3.594393730	3.626191378	3.629004002	3.631972790	3.636504173	3.642988682	3.542439222	3.576815128	3.600175142	3.612597227	3.610800266	3.614003658	0.000000000	3.634160280	3.626972675	3.629472733	3.649238825	3.686818123	3.661817312	3.638457298	3.628535271	3.625878811	0.000000000	0.003281338	0.000781271	0.963229060	2.125057220	2.802263021	3.169069767	3.374231577	3.499547482	3.546423674
3.572986841	3.602753162	3.631035328	3.629707098	3.631972790	3.635332346	3.640879393	3.543376684	3.579158783	3.600331306	3.610253572	3.607362747	3.609315872	3.618535042	0.000000000	3.614941120	3.617597342	3.639394999	3.681114674	3.655723333	3.632050991	3.623535156	3.619550705	0.003437593	0.002265686	0.979948282	2.122791529	2.798669100	3.161178827	3.358137369	3.472515345	3.549392462
3.569314957	3.581737041	3.605722189	3.632519722	3.629238367	3.630878925	3.633613586	3.639316797	3.552048683	3.588846684	3.612831593	3.620800734	3.619238138	3.621035099	3.629082203	3.649395227	0.000000000	3.643691778	3.655254602	3.631113529	3.629316568	3.625566483	3.627285242	3.602128267	3.616738081	3.617441177	3.613925457	3.612362862	3.603222132	3.602596998	3.608690977	3.628535271
3.621347427	3.619316101	3.634785414	3.653145313	3.644473076	3.642441750	3.643223047	0.003359465	0.002500067	1.151046634	2.345531940	2.959454775	3.275557041	3.430639267	3.515172720	3.567674160	3.610331535	3.611894131	0.000000000	3.630410194	3.672051907	3.650020123	3.601972103	3.606190920	3.610331535	3.619081736	3.615409851	3.611034632	3.606737852	3.598299980	3.596503019	3.602909565
3.621425629	3.613222361	3.611894131	3.628066540	3.646113873	3.638379335	3.633925915	0.003359465	0.001015652	1.051043987	2.239122868	2.891406059	3.234930754	3.413451195	3.498453617	3.545017242	3.577518225	3.609862804	3.607128382	3.614394188	0.000000000	3.661661148	3.594081163	3.593612432	3.600175142	3.604315758	3.613144159	3.609081507	3.603378296	3.598456383	3.591737270	3.589549780
3.595878124	3.615331650	3.607675314	3.605253458	3.621659994	3.639785528	3.631738424	0.003359465	0.006640804	1.014324188	2.238185167	2.810622454	3.184773207	3.386888027	3.492203474	3.537439108	3.563299179	3.584940195	3.613144159	3.610253572	3.614784956	3.608300209	0.000000000	3.602050066	3.598222017	3.599472046	3.602753162	3.610331535	3.607362747	3.600800037	3.595487356	3.586580992
3.583534002	3.590487242	3.607831478	3.600096941	3.599081278	3.614628553	3.632128954	0.003359465	0.007031439	0.985495269	2.187090158	2.864373922	3.114302635	3.349621534	3.479156256	3.545876741	3.575330734	3.590955973	3.606972218	3.634394646	3.587831020	3.606972218	3.639082432	3.685177326	0.000000000	3.663458109	3.643301249	3.636894703	3.638691664	3.632128954	3.624238253	3.617206812
3.606581450	3.605253458	3.611191034	3.630019665	3.621659994	3.620566368	3.634082317	0.003359465	0.001171907	0.988229752	2.201777935	2.887890339	3.246181250	3.320167542	3.455639839	3.529860735	3.570252419	3.582909107	3.593221664	3.607362747	3.609237909	3.613144159	3.619706869	3.639629364	3.681349039	3.660723686	0.000000000	3.637285471	3.630410194	3.632910252	3.627910137	3.620409966
3.613144159	3.602206469	3.599706411	3.604472160	3.623613119	3.618222475	3.616425514	0.003437593	0.006953312	0.989870429	2.175292969	2.860936403	3.224696159	3.416888952	3.412357569	3.499625444	3.551267624	3.576736927	3.582830906	3.592440605	3.583612204	3.615409851	3.615253687	3.617753744	3.636035442	3.675177097	3.652676582	3.633066654	0.000000000	3.622206926	3.623222589	3.618769407
3.611269236	3.603768826	3.594002962	3.591893673	3.595409393	3.612675428	3.607987881	0.003437593	0.006328295	0.962525904	2.181308746	2.859530210	3.219227314	3.409623146	3.517672777	3.468999624	3.526422977	3.560564756	3.577908754	3.582440138	3.531423330	3.569549322	3.608925343	3.610800266	3.613847256	3.631113529	3.669551849	3.644473076	3.623300791	3.616112947	0.000000000	3.613300323
3.607284546	3.601893902	3.596034288	3.584549665	3.582830906	3.588612318	3.605487823	0.003515720	0.003828228	0.927368701	2.123494625	2.832576275	3.197117329	3.391497612	3.497516155	3.555720806	0.000000000	3.442905188	3.513844728	3.560173988	3.558455229	3.582049608	3.604862690	3.633301020	3.630722761	3.631113529	3.649082661	3.686974287	3.659473658	3.636894703	3.628769636	3.626113176
3.627910137	3.621191263	3.614550352	3.609159708	3.599237442	3.596815586	3.602284431	0.003281338	0.000625017	0.926509321	2.126229048	2.841326475	3.229852676	3.412435532	3.511188269	3.566111565	3.597362518	3.520094872	0.000000000	3.562205315	3.569158554	3.586580992	3.598768711	3.612987995	3.637129307	3.630019665	3.630097866	3.647598267	3.684708595	3.658770323	3.635801077	3.627285242
3.624550819	3.627675772	3.622363091	3.616034985	3.610956669	3.600800037	3.599393845	0.003203211	0.005547024	0.962916553	2.132557392	2.823357344	3.209774017	3.421889067	3.516032219	3.567127228	3.595643759	3.613378525	3.496891022	3.561580181	0.000000000	3.591034174	3.599159479	3.606737852	3.618378639	3.641426086	3.634316683	3.633691549	3.651738882	3.689943075	3.662129879	3.637441635
3.628378868	3.626738310	3.629394531	3.622675657	3.616347313	3.613534927	3.605565786	0.003359465	0.003906355	0.932603240	2.141073227	2.822029114	3.192742348	3.405013561	3.528219938	3.573611975	3.599003077	3.613534927	3.605565786	3.538220167	3.579158783	3.610409737	0.000000000	3.614003658	3.616503716	3.625253916	3.647676468	3.640254259	3.640019894	3.657754660	3.696427584	3.669395685
3.644551277	3.635801077	3.631425858	3.634863615	3.629160166	3.622675657	3.617831707	0.003281338	0.000546890	0.921977937	2.105134726	2.827888727	3.191101551	3.387434959	3.509235144	3.584080935	3.604550123	3.615175486	3.567674160	3.604784489	3.530095100	3.572986841	3.604081392	3.618066072	0.000000000	3.614706755	3.620566368	3.642988682	3.637363672	3.637832403	3.655957937	3.692599535
3.665098667	3.641191721	3.631191492	3.628300905	3.631269693	3.625566483	3.619394302	0.003203211	0.002109432	0.919946671	2.082009077	2.786168814	3.192898512	3.381340981	3.486968994	3.560877085	3.609628439	3.579862118	3.602284431	3.620175600	3.634551048	3.541814089	3.576424360	3.601581335	3.614472389	3.613847256	0.000000000	3.618066072	3.638457298	3.633691549	3.635644674	3.654629707
3.692833900	3.665879965	3.641426086	3.633301020	3.630800962	3.633769751	3.627363205	0.003281338	0.002265686	0.938931525	2.092165709	2.789606333	3.176648140	3.396810293	3.492281437	3.546970606	3.592752934	3.534548283	3.578221321	3.607753515	3.626582146	3.637363672	3.268994331	3.448920965	3.545095444	3.593690634	3.609159708	3.618847370	0.000000000	3.638691664	3.634160280	3.637363672
3.660879850	3.695333958	3.379778624	3.480640650	3.505406857	3.558064461	0.000000000	0.003281338	0.003281338	0.951900661	2.108728647	2.789840698	3.164616585	3.369621992	3.496656656	3.543767214	3.571111679	3.600096941	3.629160166	3.628222704	3.628847837	3.632441521	3.639551163	3.537829638	3.441420794	3.521344900	3.568064928	3.585018396	3.598534346	3.613222361	0.000000000	3.612831593
3.616034985	3.521501064	3.575486898	3.597206354	3.603534460	3.609550238	3.614315987	0.003281338	0.004843880	0.968307316	2.098572254	2.782653093	3.152819395	3.352433920	3.469468355	3.549158096	3.570486784	3.582987070	3.609003544	3.635332346	3.631816626	3.630488396	3.632363558	3.636425972	3.548455000	3.585409164	3.609081507	3.619628668	3.617362976	3.617909908	3.624706984	3.645020008
0.000000000	3.610487938	3.636191607	3.683224201	3.661270380	3.640879393	3.632519722	3.628066540	3.630097866	3.624628782	3.618691206	3.613691092	3.604784489	3.603222132	3.608378410	3.627207041	3.619863033	3.619316101	3.635332346	3.651348352	3.643848181	3.641348124	3.642676115	0.003359465	0.001953178	1.150499701	2.343734980	2.957423449	3.273994446	3.429389238	3.513375759	3.564471006
3.588924885	3.598768711	0.000000000	3.623613119	3.669083118	3.648379564	3.629550934	3.623456955	3.620019436	3.622285128	3.618378639	3.611112833	3.606268883	3.597206354	3.595487356	3.601346970	3.620175600	3.612675428	3.612675428	3.627910137	3.646582603	3.638535500	3.634551048	0.003281338	0.001640669	1.052919030	2.239747763	2.892343521	3.234930754	3.413841963	3.499156713	3.517750978
3.562752247	3.603612661	3.605565786	3.616738081	0.000000000	3.663770437	3.641504288	3.621269464	3.615488052	3.613534927	3.618300676	3.612675428	3.605175257	3.599237442	3.589159250	3.588768482	3.595565557	3.612831593	3.604472160	3.601815701	3.617597342	3.635879278	3.627519608	0.003359465	0.002421940	1.011589766	2.240685225	2.809216261	3.181179523	3.382591009	3.488219023	3.497672319
3.540173531	3.571971178	3.607050180	3.607753515	3.614706755	3.638222933	0.000000000	3.619238138	3.606112719	3.605643988	3.604940891	3.610878468	3.606503487	3.601112604	3.594940662	3.585877895	3.583065271	3.589627981	3.608065844	3.601737738	3.599706411	3.616112947	3.632519722	0.003437593	0.007422075	0.985729694	2.187168360	2.864999056	3.115005732	3.350637197	3.479468822	3.504781961
3.550408125	3.580565214	3.604784489	3.634941578	3.631894588	3.634472847	3.653067112	3.691505671	0.000000000	3.665255070	3.644395113	3.634863615	3.637441635	3.630957127	3.625097513	3.617362976	3.607440948	3.604237795	3.611191034	3.630410194	3.622675657	3.621972561	3.637754202	0.003437593	0.004843880	0.987214088	2.204356194	2.889530897	3.247978210	3.323058128	3.427045345	3.516735315
3.564939737	3.581268311	3.595799923	3.609941006	3.632988453	3.628222704	3.627988338	3.644863844	3.683927298	3.660411119	0.000000000	3.636660337	3.627832174	3.629863262	3.623769522	3.615956783	3.609941006	3.599472046	3.595878124	3.602362633	3.622597456	3.614159822	3.612206697	0.003359465	0.002734449	0.986354709	2.174042940	2.858280182	3.222196102	3.415638924	3.367356300	3.473296642
3.536657810	3.570642948	3.580799580	3.593378067	3.605878353	3.628222704	3.621425629	3.621035099	3.637129307	3.676739693	3.652442217	3.633457184	0.000000000	3.623300791	3.623691320	3.617362976	3.610644102	3.604784489	3.593846798	3.591346741	3.597596884	3.616191149	3.609237909	0.003359465	0.007578329	0.963541567	2.170683384	2.847186089	3.210867643	3.402747869	3.508766413	3.462983847
3.523219824	3.560017824	3.580408812	3.583612204	3.591502905	3.602518797	3.624863148	3.617128611	3.614628553	3.631191492	3.669317484	3.643691778	3.624394417	3.620175600	0.000000000	3.617597342	3.612519264	3.604862690	3.599315643	3.588768482	3.586424828	3.593768597	3.611425400	0.003437593	0.001953178	1.480118036	2.514286518	3.059769869	3.329152107	3.464780807	3.538923502	3.580721378
0.000000000	3.448061705	3.516032219	3.561892748	3.580955744	3.594940662	3.610097170	3.635801077	3.629550934	3.628613234	3.646738768	3.683380365	3.657285929	3.632988453	3.625410080	3.623222589	3.626269579	3.619628668	3.612362862	3.607284546	3.598456383	3.596659422	3.601581335	0.003281338	0.007734583	0.926743686	2.129510403	2.874139786	3.252040625	3.425092220	3.518688440	3.570877314
3.601581335	3.523610592	0.000000000	3.563377142	3.589393616	3.598065615	3.604393959	3.615409851	3.639082432	3.632285357	3.633613586	3.650176525	3.686661720	3.660411119	3.636191607	3.628222704	3.625878811	3.629160166	3.623613119	3.615409851	3.610331535	3.602050066	3.599628210	0.003359465	0.005781406	0.963072836	2.130057335	2.858436346	3.233915329	3.436264515	3.525016785	3.572205544
3.598222017	3.616347313	3.539079666	3.581190109	0.000000000	3.602909565	3.606972218	3.612987995	3.621738195	3.643691778	3.636738539	3.636113644	3.654551506	3.692521334	3.665801764	3.642207384	3.632754087	3.630254030	3.634004116	3.628691435	3.620956898	3.615800619	3.608144045	0.003437593	0.006484549	0.932290733	2.137244940	2.876718044	3.222586870	3.420639038	3.535563946	3.578065157
3.600018740	3.613925457	3.627519608	3.553298712	3.587284088	3.613456726	0.000000000	3.614472389	3.617441177	3.626191378	3.648613930	3.642363787	3.642441750	3.659317255	3.696583986	3.670020819	3.645410776	3.635879278	3.633613586	3.636191607	3.631035328	3.624316454	3.618925571	0.003281338	0.001640669	0.923149884	2.104978561	2.878593206	3.219383478	3.405169725	3.520016670	3.590487242
3.608144045	3.618691206	3.628613234	3.640410423	3.549001932	3.583377838	3.607128382	3.621269464	0.000000000	3.618144274	3.624628782	3.644941807	3.637363672	3.638144970	3.655723333	3.693068266	3.666036129	3.643145084	3.633691549	3.630332232	3.634238482	3.628769636	3.621894360	0.003281338	0.004609499	0.920493543	2.130994797	2.829216719	3.216649055	3.395794630	3.498766184	3.570096254
3.615409851	3.621738195	3.630097866	3.636348009	3.645176172	3.551501989	3.487281322	3.562439680	3.600409508	3.612284899	0.000000000	3.621269464	3.642363787	3.638379335	3.641816854	3.659161091	3.694708824	3.667442560	3.642207384	3.632988453	3.630175829	3.633457184	3.626425743	0.000000000	0.032579001	0.961354017	2.137088776	2.825466633	3.196648598	3.407044888	3.497125387	3.550486326
3.593846798	3.625644445	3.627988338	3.631504059	3.636035442	3.643457413	3.542673588	3.577205658	3.601346970	3.613300323	3.609003544	3.611894131	0.000000000	3.636035442	3.631191492	3.632675886	3.651192188	3.688693047	3.662286043	3.637910366	3.629004002	3.626894474	0.000000000	0.003359465	0.001796923	1.131046057	2.222091198	2.854295731	3.197976828	3.389935017	3.509000778	3.551892519
3.577127695	3.605253458	3.632363558	3.631191492	3.632910252	3.634316683	3.640801191	3.543064117	3.578533888	3.600800037	3.610331535	3.607128382	3.609003544	3.617831707	0.000000000	3.614159822	3.617909908	3.639394999	3.681192875	3.655645370	3.632754087	3.624941349	3.621191263	0.003437593	0.003906355	0.982057691	2.130135536	2.809138060	3.166882277	3.363293648	3.475640535	3.552517653
3.572518110	3.585877895	3.611112833	3.636035442	3.632363558	3.631972790	3.635488510	3.640098095	3.550955057	3.586112261	3.610097170	3.621581793	3.619316101	3.618847370	3.625097513	3.646582603	0.000000000	3.640957355	3.653614044	3.691349506	3.665489435	3.642676115	3.634238482	3.629316568	3.610331535	3.615488052	3.614862919	3.612362862	3.604237795	3.602440834	3.608144045	3.626660109
3.620331764	3.618691206	3.634785414	3.653457880	3.644785643	3.640645027	3.642832518	0.003437593	0.002109432	1.152609110	2.341313124	2.957189083	3.272275686	3.428373575	3.514547825	3.566971064	3.609628439	3.613300323	0.000000000	3.631660223	3.673770905	3.651582718	3.631191492	3.597675085	3.604315758	3.614706755	3.612206697	3.609784603	3.606659651	3.597675085	3.595252991	3.599940777
3.618613005	3.613065958	3.614472389	3.631425858	3.650020123	3.642363787	3.639707327	0.003437593	0.006797058	1.055497169	2.244279146	2.894531012	3.237587214	3.416420221	3.501734972	3.550251961	3.582909107	3.614941120	3.611972332	3.620722532	0.000000000	3.666426897	3.643145084	3.581112146	3.591346741	3.599784374	3.611034632	3.609472275	3.604472160	3.600018740	3.592909336	3.591424942
3.596112490	3.613300323	3.604862690	3.603378296	3.619706869	3.637129307	3.629394531	0.003281338	0.004296991	1.013308525	2.237872839	2.982892752	3.276494503	3.435561180	3.517985344	3.553220749	3.573065042	3.591971636	3.620331764	3.616347313	3.618456841	3.610097170	0.000000000	3.604628325	3.600409508	3.603612661	3.604550123	3.610878468	3.607987881	3.602284431	3.597675085	3.587674856
3.585252762	3.591268539	3.609941006	3.602440834	3.601425171	3.616581678	3.633769751	0.003515720	0.000859398	0.985964060	2.188496351	2.868436575	3.117974520	3.353293419	3.481109381	3.547908068	3.575330734	3.592206001	3.609081507	3.634785414	3.568455458	3.597440720	3.634707212	3.681739807	0.000000000	3.661582947	3.643769979	3.636972904	3.638848066	3.633847952	3.626738310	3.618925571
3.607597113	3.606894016	3.612987995	3.632519722	3.626191378	3.624863148	3.638926029	0.003359465	0.006015787	0.988854766	2.206153154	2.891952991	3.250790596	3.323605061	3.458608866	3.531188965	3.487828255	3.531970024	3.569861650	3.538064003	3.598065615	3.610175371	3.621425629	3.643691778	3.681114674	3.659239054	0.000000000	3.636816740	3.628144503	3.630175829	3.623535156	3.617128611
3.610487938	3.598846912	3.475874901	3.541110992	3.594002962	3.603378296	3.606972218	0.003437593	0.005312643	0.990886033	2.178261757	2.864920855	3.226805687	3.419310808	3.413763762	3.500641108	3.488687754	3.540173531	3.564314842	3.584862232	3.602362633	3.628144503	3.623535156	3.621894360	3.638926029	3.677989721	3.653614044	3.635644674	0.000000000	3.624628782	3.623925686	3.618378639
3.611191034	3.605956554	3.595252991	3.592206001	3.597753048	3.504078627	3.541032791	0.002968830	0.001875050	0.972916842	2.192715406	2.869061708	3.223680496	3.411732435	3.512750864	3.418373346	3.502594233	3.549470663	3.574080706	3.582440138	3.591112375	3.603300095	3.625566483	3.618691206	3.619003773	3.636425972	3.674239635	3.648926497	3.627050877	3.621738195	0.000000000	3.618066072
3.611815929	3.605800152	3.600956440	3.590174913	3.587205887	3.594315529	3.611347198	0.003359465	0.001875050	0.932134449	2.135526180	2.841951609	3.201336145	3.391966343	3.496187925	3.537595272	0.000000000	3.430639267	3.504781961	3.556423903	3.578221321	3.594471693	3.609237909	3.634941578	3.629550934	3.630332232	3.646348238	3.684239864	3.657129765	3.633613586	3.625957012	3.623769522
3.626738310	3.621659994	3.613691092	3.608612776	3.600253105	3.597206354	3.602675200	0.003437593	0.001015652	0.926587462	2.128182411	2.844686031	3.232977629	3.413841963	3.479937553	3.549626827	3.589862347	3.517750978	0.000000000	3.561033487	3.587987185	3.597987413	3.605097055	3.615800619	3.637988567	3.631504059	3.631972790	3.648926497	3.685333729	3.660489321	3.636816740	3.627050877
3.625644445	3.629394531	3.623613119	3.615019321	3.610644102	3.602206469	3.599159479	0.003281338	0.005312643	0.960963368	2.128885508	2.823826075	3.211805344	3.423060894	3.498531818	3.556345701	3.590955973	3.613065958	3.539314032	3.584002733	0.000000000	3.603222132	3.606268883	3.612597227	3.623535156	3.646113873	3.638222933	3.638144970	3.656504631	3.693302631	3.666583061	3.642441750
3.633222818	3.630878925	3.634629250	3.628691435	3.621347427	3.615019321	3.604003191	0.003359465	0.002343813	0.933697045	2.139745235	2.817107201	3.188992023	3.401732206	3.513375759	3.564158440	3.592596769	3.609394073	3.625800848	3.550955057	3.585721493	3.612675428	0.000000000	3.614081621	3.616425514	3.626660109	3.647754431	3.642363787	3.642519951	3.660879850	3.697365284	3.671036482
3.647910833	3.637910366	3.634004116	3.637441635	3.631425858	3.624238253	3.618613005	0.003437593	0.001328161	0.923462391	2.108338118	2.832029343	3.193211079	3.388997555	3.471187115	3.564939737	3.596190691	3.617441177	3.632832289	3.642754316	3.548845530	3.581737041	3.605878353	3.620409966	0.000000000	3.617519379	3.622519493	3.644238710	3.637441635	3.638222933	3.656895399	3.692599535
3.665645599	3.642988682	3.633301020	3.630566597	3.633769751	3.626972675	3.619394302	0.003437593	0.002109432	0.920181036	2.083649874	2.791637659	3.197742462	3.385325432	3.491422176	3.565486670	3.612675428	3.620488167	3.629707098	3.635801077	3.644863844	3.550173759	3.583455801	3.605956554	3.618066072	3.617988110	0.000000000	3.620409966	3.641113758	3.635254145	3.635957241	3.653770208
3.690958738	3.662989378	3.640019894	3.629785299	3.627128839	3.631972790	3.626191378	0.003515720	0.001093779	0.940415978	2.092478275	2.785387516	3.174382448	3.395638227	3.490406513	3.546970606	3.591502905	3.624238253	3.627050877	3.631347895	3.635332346	3.642051220	3.541735888	3.577440023	3.602440834	3.613847256	3.612206697	3.615566015	0.000000000	3.634238482	3.627597809	3.629628897
3.649707556	3.688224316	3.661973715	3.637832403	3.628378868	3.625644445	0.000000000	0.003359465	0.000546890	0.946353614	2.089431286	2.771559000	3.152194262	3.370481491	3.497281790	3.546345472	3.573611975	3.606503487	3.635801077	3.633535385	3.633301020	3.636035442	3.640879393	3.543923616	3.578846455	3.601268768	3.610565901	3.607284546	3.609315872	3.619394302	0.000000000	3.615331650
3.619316101	3.642285585	3.684318066	3.658223629	3.635644674	3.627519608	3.624316454	0.003281338	0.007031439	0.968229175	2.338187933	2.944923162	3.259775400	3.416342020	3.507438183	3.569080591	3.582205772	3.591893673	3.617988110	3.639863729	3.633301020	3.631660223	3.633378983	3.637051105	3.548923731	3.585330963	3.609628439	3.620878696	3.618691206	3.618769407	3.625878811	3.645410776
0.000000000	3.640019894	3.652598381	3.690490007	3.663770437	3.640801191	3.632128954	3.627285242	3.630410194	3.625097513	3.589784145	3.595409393	3.595018625	3.596893787	3.606112719	3.627050877	3.620644331	3.619785070	3.636113644	3.654004574	3.644785643	3.640801191	3.642441750	0.003515720	0.001718796	1.150655985	2.345375776	2.960236073	3.275869370	3.431498766	3.515250921	3.566580534
3.608065844	3.611034632	0.000000000	3.630254030	3.672911406	3.652285814	3.632050991	3.624706984	3.621347427	3.625019550	3.595878124	3.597753048	3.600565672	3.594393730	3.594706297	3.602518797	3.622831821	3.614550352	3.613456726	3.629160166	3.647207499	3.637832403	3.633613586	0.003359465	0.000703144	1.057294130	2.247169971	2.897187471	3.239774704	3.416810751	3.499938011	3.548767328
3.581190109	3.613691092	3.611112833	3.619316101	0.000000000	3.665098667	3.642051220	3.622285128	3.616191149	3.614784956	3.595799923	3.601268768	3.598925114	3.596346855	3.589159250	3.585643530	3.591737270	3.611737967	3.603925228	3.603222132	3.619159937	3.636816740	3.629160166	0.003359465	0.004062609	1.012761593	2.241544724	2.811403751	3.182429552	3.384075403	3.489000320	3.535017014
3.563845873	3.583065271	3.612441063	3.610175371	3.615566015	3.638769865	0.000000000	3.619316101	3.607440948	3.563845873	3.580877781	3.597987413	3.601112604	3.599862576	3.596425056	3.587987185	3.585409164	3.591190577	3.609237909	3.601190805	3.600175142	3.616034985	3.633691549	0.003437593	0.000781271	0.985182762	2.187090158	2.866483450	3.115787029	3.351887226	3.481578112	3.548376799
3.576268196	3.592440605	3.609237909	3.635097980	3.631582260	3.633222818	3.653535843	3.691427469	0.000000000	3.644785643	3.632441521	3.629941463	3.636425972	3.630644560	3.625253916	3.618847370	3.610487938	3.610097170	3.616738081	3.635801077	3.628847837	3.627128839	3.641504288	0.003593847	0.000781271	0.987604737	2.205918789	2.894531012	3.253134489	3.325402021	3.458374500	3.533766985
3.572596312	3.586815357	3.597675085	3.610487938	3.632675886	3.625800848	3.625644445	3.643691778	3.656114101	3.643691778	0.000000000	3.627519608	3.622988224	3.628457069	3.623535156	3.616425514	3.610409737	3.600331306	3.598378181	3.603768826	3.622363091	3.615331650	3.613456726	0.003437593	0.003984482	0.987917244	2.176308632	2.861873865	3.225321293	3.418295145	3.413607597	3.500562906
3.552126884	3.579080820	3.585330963	3.593846798	3.605878353	3.628925800	3.623378754	3.621972561	3.610878468	3.662286043	3.645488739	3.629785299	0.000000000	3.621816397	3.622441292	3.617675543	3.610800266	3.604628325	3.594393730	3.592362404	3.597909451	3.617753744	3.610644102	0.003359465	0.001171907	0.963697851	2.170761585	2.850154877	3.212117672	3.404935360	3.510719538	3.463140249
3.522516727	3.556189537	3.577205658	3.584080935	3.594706297	3.605878353	3.627753973	3.585252762	3.601425171	3.631425858	3.674708366	3.651192188	3.629785299	3.622285128	0.000000000	3.617675543	3.612050295	3.605409622	3.599940777	3.589315414	3.589081049	3.595018625	3.610956669	0.003203211	0.001484415	0.931743860	2.139667034	2.845779657	3.204930067	3.395091534	3.498062849	3.555642605
0.000000000	3.441967726	3.512203932	3.558142662	3.576971292	3.593299866	3.609706640	3.635488510	3.585174561	3.603925228	3.634316683	3.677833319	3.656582832	3.635019779	3.626894474	3.623300791	3.626972675	3.621269464	3.614159822	3.608222246	3.599315643	3.597753048	3.602909565	0.003203211	0.001250034	0.928853154	2.130604267	2.844295263	3.231493235	3.413685799	3.512672663	3.567674160
3.598690748	3.520172834	0.000000000	3.562283516	3.587674856	3.596503019	3.604706526	3.616659880	3.615409851	3.619394302	3.626738310	3.648379564	3.685880423	3.659785986	3.636738539	3.627753973	3.625488281	3.627832174	3.622285128	3.616659880	3.611034632	3.602596998	3.599550009	0.003515720	0.005703279	0.961900890	2.131541729	2.825388670	3.212508440	3.424623489	3.517985344	3.568924189
3.597675085	3.617206812	3.539548397	3.583924532	0.000000000	3.604628325	3.607675314	3.613378525	3.603378296	3.634863615	3.632754087	3.636660337	3.656192303	3.694787025	3.666114330	3.642832518	3.633769751	3.630254030	3.633613586	3.628925800	3.621347427	3.614941120	3.605018854	0.003515720	0.003359465	0.931900084	2.138651371	2.818435192	3.190242052	3.403919697	3.526032448	3.571892977
3.510329008	3.559158325	3.599315643	3.538376570	3.580721378	3.553142548	0.000000000	3.575955629	3.594393730	3.614315987	3.641191721	3.639238596	3.640098095	3.658457994	3.695099592	3.669395685	3.645098209	3.636738539	3.632910252	3.635410309	3.627832174	3.622285128	3.617050648	0.003437593	0.007578329	0.923931122	2.104978561	2.827888727	3.190398455	3.387825727	3.510250807	3.583768368
3.605643988	3.617519379	3.627441406	3.639707327	3.548845530	3.563142776	3.597753048	3.617128611	0.000000000	3.616112947	3.623144388	3.645254374	3.637910366	3.637754202	3.657598495	3.693224430	3.667442560	3.643535614	3.634863615	3.631191492	3.632597923	3.626660109	3.619316101	0.003359465	0.002031305	0.920024753	2.082321644	2.791793823	3.197117329	3.385325432	3.492125273	3.564392805
3.612128496	3.620019436	3.628378868	3.635488510	3.602675200	3.525876284	3.569392920	3.601346970	3.616816044	3.618066072	0.000000000	3.623144388	3.643145084	3.635879278	3.636816740	3.654473305	3.692286968	3.665176868	3.641582489	3.632754087	3.630175829	3.632128954	3.625957012	0.003515720	0.000859398	0.939947188	2.090134382	2.786715746	3.175710440	3.395716429	3.490484715	3.546423674
3.591424942	3.624472618	3.626894474	3.630878925	3.471109152	3.555252075	3.498609781	3.556970835	3.591971636	3.607050180	3.607987881	3.610175371	0.000000000	3.631816626	3.625175714	3.627832174	3.646426439	3.686974287	3.661817312	3.637598038	3.627753973	3.625332117	0.000000000	0.003281338	0.000234381	0.947916150	2.451862812	3.005862236	3.285635471	3.440561295	3.537517071	3.567595959
3.584940195	3.546970606	3.597831249	3.613378525	3.623066425	3.630488396	3.638379335	3.540876627	3.576893091	3.600018740	3.610565901	3.607753515	3.608456612	3.618222475	0.000000000	3.615409851	3.621269464	3.643223047	3.684942961	3.659161091	3.635801077	3.625644445	3.622753859	0.003359465	0.005468897	0.966822922	2.102244139	2.781403065	3.153522491	3.354543447	3.471265316	3.550642490
3.572596312	3.533220053	3.580565214	3.619863033	3.624785185	3.626894474	3.629316568	3.634863615	3.547048569	3.584549665	3.609394073	3.620097399	3.618456841	3.618847370	3.624003887	3.644160748	0.000000000	3.639160395	3.651973248	3.690255642	3.665645599	3.642519951	3.633222818	3.628222704	3.631035328	3.625878811	3.619159937	3.615019321	3.606112719	3.603300095	3.609472275	3.628300905
3.599393845	3.608378410	3.630800962	3.651660919	3.645020008	3.642129421	3.641816854	0.003437593	0.001093779	1.149562240	2.343500614	2.960157871	3.274931908	3.429936171	3.515094757	3.566502333	3.610019207	3.612519264	0.000000000	3.630332232	3.673145771	3.651348352	3.632128954	3.625253916	3.619472504	3.623847485	3.617988110	3.611737967	3.607206583	3.598534346	3.596737385	3.561892748
3.598534346	3.602128267	3.606659651	3.624785185	3.646895170	3.640722990	3.637910366	0.003281338	0.005000134	1.052450180	2.244826078	2.895937443	3.239305973	3.417670250	3.503297567	3.551189423	3.582440138	3.615097284	3.612050295	3.619394302	0.000000000	3.665567398	3.642207384	3.622988224	3.618066072	3.614472389	3.617050648	3.610565901	3.604393959	3.597362518	3.588612318	3.548142433
3.570799351	3.599862576	3.597753048	3.600253105	3.618144274	3.634863615	3.627753973	0.003437593	0.002656322	1.013699174	2.241935492	2.811481953	3.182585716	3.383763075	3.488687754	3.535407782	3.563611507	3.585174561	3.613222361	3.611034632	3.616503716	3.638457298	0.000000000	3.619941235	3.609003544	3.606815815	3.606347084	3.611972332	3.608222246	3.602128267	3.596737385	3.529626369
3.551111221	3.572439909	3.600565672	3.599550009	3.600018740	3.616581678	3.632754087	0.003515720	0.007656456	0.985026538	2.187011957	2.867186546	3.116177559	3.351965189	3.481187582	3.548689365	3.577362061	3.593612432	3.610253572	3.633769751	3.630722761	3.634004116	3.653223276	3.691115141	0.000000000	3.666192532	3.646191835	3.637988567	3.638848066	3.633769751	3.532516956	3.564080238
3.582362175	3.594784260	3.607128382	3.630957127	3.625644445	3.625332117	3.640254259	0.003515720	0.007343948	0.987057805	2.205918789	2.889921665	3.249150038	3.323448896	3.458843231	3.535017014	3.574080706	3.584393501	3.594784260	3.608690977	3.631113529	3.624628782	3.624785185	3.642754316	3.681349039	3.659239054	0.000000000	3.636113644	3.628066540	3.629472733	3.598378181	3.603456497
3.602987766	3.596346855	3.597128153	3.604940891	3.624238253	3.615722418	3.613378525	0.003359465	0.003906355	0.988776624	2.174042940	2.858592510	3.223446131	3.417357683	3.412826300	3.499703646	3.551033020	3.577362061	3.584237099	3.593612432	3.606972218	3.629160166	3.621738195	3.621425629	3.638066769	3.676348925	3.653457880	3.634863615	0.000000000	3.496812820	3.553298712	3.579315186
3.592362404	3.595643759	3.592596769	3.592206001	3.597831249	3.617050648	3.608847141	0.003359465	0.007187693	0.963150918	2.172792912	2.850389242	3.212586403	3.404857397	3.510016441	3.461343288	3.521188498	3.558611393	3.576893091	3.581112146	3.589471579	3.602909565	3.627050877	3.619081736	3.617831707	3.634394646	3.672130108	3.554861307	3.575565100	3.596112490	0.000000000	3.605487823
3.605565786	3.602909565	3.597284317	3.586737156	3.584471464	3.592362404	3.610409737	0.003437593	0.000937525	0.930650055	2.127869844	2.836717129	3.198445559	3.390481949	3.495172262	3.553767681	0.000000000	3.438686371	3.508610010	3.556423903	3.576189995	3.592128038	3.607987881	3.634004116	3.627832174	3.628613234	3.646816969	3.634551048	3.627519608	3.618066072	3.617128611	3.618535042
3.623847485	3.619003773	3.612206697	3.607128382	3.598690748	3.597206354	3.602831364	0.003437593	0.001171907	0.927056193	2.126307249	2.840857744	3.229149580	3.411654472	3.510406971	3.566033602	3.598222017	3.520094872	0.000000000	3.561892748	3.588846684	3.595878124	3.603612661	3.615331650	3.637754202	3.630332232	3.629785299	3.626113176	3.670645714	3.649317026	3.630722761	3.625644445
3.624550819	3.627363205	3.621113062	3.614784956	3.610878468	3.600956440	3.598534346	0.003281338	0.004687626	0.964400947	2.133807421	2.825388670	3.214539766	3.426889181	3.519313574	3.570721149	3.599003077	3.617362976	3.539782763	3.582518339	0.000000000	3.602362633	3.605956554	3.611503601	3.621113062	3.643066883	3.637207270	3.613456726	3.641348124	3.686036825	3.662520409	3.641426086
3.632363558	3.628535271	3.631972790	3.625488281	3.617675543	3.612987995	3.604237795	0.003359465	0.002578194	0.932525098	2.137166977	2.816169500	3.188757658	3.402044773	3.524548054	3.571033716	3.596737385	3.610331535	3.624706984	3.551970720	3.585174561	3.612519264	0.000000000	3.614238024	3.615644217	3.625410080	3.648848295	3.617753744	3.628300905	3.652520180	3.693927526	3.668770790
3.643535614	3.634785414	3.632754087	3.636894703	3.629316568	3.623066425	3.619159937	0.003359465	0.001875050	0.921509206	2.104900360	2.828826189	3.190554619	3.388216257	3.510797739	3.585409164	3.605487823	3.617988110	3.629004002	3.640722990	3.549236298	3.582049608	3.607128382	3.621425629	0.000000000	3.618300676	3.582987070	3.621972561	3.627363205	3.633691549	3.654629707	3.692755699
3.665958166	3.641973019	3.633066654	3.628847837	3.633222818	3.629550934	3.622519493	0.003437593	0.005234516	0.917680979	2.083259344	2.788434505	3.195789099	3.386028767	3.492359638	3.565721035	3.612753630	3.622050762	3.629628897	3.636660337	3.644941807	3.551736355	3.585721493	3.608925343	3.618769407	3.592362404	0.000000000	3.605253458	3.632363558	3.629941463	3.633535385	3.653614044
3.691740036	3.665098667	3.641895056	3.632285357	3.630019665	3.633457184	3.627519608	0.003359465	0.002421940	0.940572202	2.089353085	2.784762383	3.173835516	3.394388199	3.489390850	3.545408010	3.590799809	3.623691320	3.626816511	3.631035328	3.636425972	3.642832518	3.541657925	3.577283859	3.601112604	3.577362061	3.590487242	3.602440834	0.000000000	3.627988338	3.625722647	3.629394531
3.648926497	3.688146114	3.662051678	3.637676001	3.627675772	3.625722647	0.000000000	0.003359465	0.000625017	0.948697448	2.093259573	2.774996519	3.153678656	3.364934444	3.494625330	3.544314146	3.571502447	3.601737738	3.630722761	3.630332232	3.631738424	3.635801077	3.640019894	3.543064117	3.577674389	3.600253105	3.588065386	3.595721722	3.602440834	3.615253687	0.000000000	3.615253687
3.620097399	3.641895056	3.683692932	3.658457994	3.635254145	3.626816511	3.620253801	0.003437593	0.002968830	0.970651150	2.105759859	2.791325092	3.162897587	3.363137484	3.478374958	3.557517767	3.580330849	3.591112375	3.613925457	3.638691664	3.632597923	3.630644560	3.632441521	3.637285471	3.548532963	3.546736240	3.588455915	3.609628439	3.612597227	3.615409851	3.622831821	3.644707441
0.000000000	3.639316797	3.651973248	3.690490007	3.665489435	3.641973019	3.633535385	3.628847837	3.631269693	3.626347542	3.620566368	3.616191149	3.605956554	3.603690863	3.609628439	3.628457069	3.521110535	3.556423903	3.601346970	3.632519722	3.634004116	3.635488510	3.639707327	0.002343813	0.006797058	1.161203146	2.359673023	2.970001936	3.282197714	3.434311152	3.516579151	3.566424131
3.610409737	3.612987995	0.000000000	3.631582260	3.673770905	3.650645256	3.631425858	3.624863148	3.620175600	3.625175714	3.619628668	3.613144159	3.606972218	3.599081278	3.596503019	3.602362633	3.621503830	3.614238024	3.611894131	3.626894474	3.645488739	3.639238596	3.384153605	0.001718796	0.001250034	1.088388681	2.283733368	2.924141169	3.257822037	3.428451777	3.509391308	3.552986383
3.583221436	3.615019321	3.611347198	3.618925571	0.000000000	3.665176868	3.642832518	3.623300791	3.614941120	3.611112833	3.615097284	3.610487938	3.603065729	3.596190691	3.587831020	3.586268425	3.591737270	3.610409737	3.602987766	3.602128267	3.616738081	3.603222132	3.609159708	0.003359465	0.007500202	1.012683511	2.240685225	2.810935020	3.183132648	3.384075403	3.489000320	3.535954714
3.562439680	3.584159136	3.612441063	3.609862804	3.614941120	3.636191607	0.000000000	3.618456841	3.607518911	3.604628325	3.604784489	3.610644102	3.607831478	3.601346970	3.594549894	3.585252762	3.583768368	3.589237213	3.607909679	3.599784374	3.575096369	3.597831249	3.621347427	0.003437593	0.004062609	0.984167159	2.189668417	2.867577314	3.116333961	3.350637197	3.479312420	3.547048569
3.574862003	3.591112375	3.607128382	3.633222818	3.629863262	3.632363558	3.651270151	3.689630508	0.000000000	3.664551735	3.644004345	3.635957241	3.638769865	3.633457184	3.626113176	3.619472504	3.609472275	3.607518911	3.613456726	3.633144617	3.571658611	3.593299866	3.621269464	0.003281338	0.003984482	0.988698483	2.205293655	2.893437386	3.251181364	3.323839426	3.458296299	3.532360792
3.569705486	3.582596540	3.593534231	3.607128382	3.630488396	3.624472618	3.625488281	3.642363787	3.679161549	3.658301592	0.000000000	3.636269808	3.627675772	3.630800962	3.624160051	3.617050648	3.609315872	3.599237442	3.596815586	3.602909565	3.602362633	3.604003191	3.607128382	0.003281338	0.005468897	0.986745298	2.174511671	2.859686375	3.223446131	3.416342020	3.413216829	3.500250578
3.551658154	3.576189995	3.582127810	3.591815472	3.605643988	3.627207041	3.621659994	3.620331764	3.637676001	3.676270962	3.652520180	3.511344671	0.000000000	3.551579952	3.586190224	3.598299980	3.601815701	3.600175142	3.592440605	3.560720921	3.579940081	3.608222246	3.604940891	0.003359465	0.003281338	0.963229060	2.174277306	2.852342367	3.213524103	3.405013561	3.510016441	3.462749481
3.523610592	3.559392691	3.578846455	3.584549665	3.591502905	3.603690863	3.626269579	3.619316101	3.618300676	3.635254145	3.671973944	3.647363901	3.626816511	3.620019436	0.000000000	3.617128611	3.611894131	3.605409622	3.563533545	3.567830563	3.576033831	3.587518454	3.606347084	0.003437593	0.004687626	0.930884421	2.126854181	2.835545063	3.197820425	3.390169382	3.494859695	3.554626942
