Current:	100uA
Nodes:		32
Cycles:		10
Elapsed time:	0.67466 seconds
Frequency:	14.82235 Hz

0.000000000	2.372407675	2.246466637	2.152792454	2.100603342	2.075602770	2.047945738	2.013413668	2.015366793	2.016538620	2.000756979	2.055992842	2.044195652	2.036382914	2.036148548	2.045367479	2.007397890	2.007866621	2.014116764	2.021851301	2.036539316	2.042398691	2.034976721	0.002031305	0.003671974	0.367509902	0.000000000	1.048387647	1.447851539	1.669888735	1.819580197	1.911613941
1.964818597	2.004350901	2.541552782	0.000000000	2.574991226	2.569756746	2.558115721	2.547255993	2.546240330	2.524052382	2.520302296	2.516161442	2.521083593	2.519130230	2.524911642	2.521630526	2.512411356	2.492020130	2.487098217	2.487879515	2.487176418	2.488816977	2.488270044	2.474363565	0.002187559	0.005547024	0.339774787	0.000000000	1.091435671	1.799657822	2.057633638	2.205215693
2.306937218	2.372407675	2.413111925	2.416002512	2.475379229	2.806794405	0.000000000	2.715151310	2.643586874	2.604054451	2.578506947	2.562647104	2.551240683	2.545068502	2.539287090	2.527177334	2.532880783	2.534443140	2.533583879	2.528036833	2.528036833	2.526865005	2.525224209	2.522802353	2.507958174	0.002265686	0.000078127	0.337430954	0.000000000	1.083232284	1.677232623	1.991538048
2.187402725	2.308968544	2.386704922	2.441706419	2.472957134	2.482957602	2.466316462	2.522099257	2.808591366	0.000000000	2.718041897	2.649837017	2.603663921	2.577413082	2.558506489	2.550928116	2.543349743	2.529755592	2.531005621	2.530380726	2.529833794	2.528661966	2.529365063	2.527411699	2.524989843	2.509598732	0.002265686	0.001718796	0.340009153	0.000000000	1.138311863	1.639340997
1.951224446	2.155604839	2.288499117	2.372876406	2.429284096	2.463269472	2.482019901	2.496160984	2.486629486	2.482332468	2.532333851	2.817732096	0.000000000	2.725229740	2.648508787	2.603820086	2.573585033	2.558506489	2.548115492	2.534990072	2.533036947	2.526161671	2.525380611	2.524442911	2.526318073	2.522099257	2.506786346	0.002187559	0.006718931	0.338759124	0.000000000	1.202610493
1.668560505	1.965756059	2.159433126	2.286311626	2.370063782	2.426627874	2.457331896	2.477644920	2.492567062	2.503036261	2.494832754	2.496239185	2.489832640	2.533896446	2.798903465	0.000000000	2.708354235	2.640774250	2.594913721	2.570694208	2.553271770	2.541943550	2.541162252	2.529989958	2.522958517	2.520536661	2.519520998	2.503973722	0.002343813	0.003906355	0.337274700	0.000000000
1.184641242	1.658560276	1.964037299	2.161620617	2.289514780	2.374516964	2.431081057	2.466706991	2.482801199	2.498661041	2.508036375	2.514364481	2.498817205	2.506161213	2.507489443	2.497567177	2.538662195	2.804137945	0.000000000	2.714604378	2.645930529	2.603507519	2.574444294	2.552178144	2.550928116	2.542568445	2.532490015	2.524989843	0.000000000	0.002265686	0.001484415	0.337274700
0.000000000	1.367458701	1.773172736	2.031461000	2.200527906	2.311780930	2.383892298	2.437409401	2.466003895	2.483426332	2.495770454	2.507567644	2.513583422	2.517177105	2.507645607	2.514989614	2.518739700	2.514052153	2.501473665	2.542255878	2.829138756	0.000000000	2.730776548	2.653587103	2.605695248	2.570147276	2.561553240	2.549209356	2.539834023	2.531005621	0.002343813	0.007500202
0.335087150	0.000000000	1.200423002	1.678873301	1.981615901	2.175917864	2.298811913	2.379126549	2.432721853	2.465613365	2.482254267	2.496317148	2.504755020	2.512567759	2.516161442	2.518739700	2.475379229	2.493504763	2.506239414	2.513817787	2.510458231	2.500536203	2.542177916	2.851561069	0.000000000	2.746948957	2.664056063	2.604913950	2.580850840	2.560928345	2.549443722	2.539599657
2.280217648	2.251623154	2.283499002	2.338891029	2.394908190	2.441159487	2.476394892	2.502098560	2.518192768	2.526005507	2.536474466	2.542881012	2.546005964	2.544834137	2.523974180	0.002343813	0.000468763	0.621423006	0.000000000	1.419569492	1.888253927	2.162792683	2.320062399	2.406549215	2.446472168	2.522880554	2.812575817	0.000000000	2.735464334	2.663040400	2.626867533	2.598507404
2.582100868	2.564131498	2.548428059	2.533896446	2.525146246	2.523349285	2.525536776	2.530224323	2.537177801	2.540302753	2.540380955	2.541787148	2.545302868	2.545302868	2.541630983	2.521474123	0.002265686	0.005781406	0.335868418	0.000000000	1.071747661	1.603949428	1.945208669	2.164980173	2.306233883	2.395767689	2.443815708	2.466472626	2.525614977	2.814919472	0.000000000	2.722885847
2.660618544	2.609210968	2.583741426	2.567256689	2.561162710	2.554287434	2.548271656	2.544521570	2.542099714	2.545849800	2.544990301	2.540849686	2.539990187	2.539990187	2.540771484	2.538349628	2.514677048	0.002343813	0.006797058	0.338368475	0.000000000	1.076825857	1.564729691	1.908254504	2.133026123	2.273811340	2.366079330	2.429206133	2.466785192	2.485926390	2.486160755	2.539912224
2.849295378	0.000000000	2.715073109	2.646633863	2.606085777	2.579913139	2.568506718	2.558740854	2.551709414	2.548740625	2.548271656	2.545693636	2.541005850	2.538662195	2.536630869	2.537099600	2.535537004	2.521161556	0.002265686	0.005468897	0.334696501	0.000000000	1.078232169	1.577464342	1.894113541	2.119510174	2.268967390	2.362329245	2.418658972	2.454909801	2.483504295	2.499911070
2.500301600	2.492176533	2.540302753	2.854842424	0.000000000	2.752808571	2.668196917	2.613898516	2.582335234	2.562803507	2.551631212	2.545302868	2.539052725	2.534052610	2.534443140	2.534052610	2.531162024	2.528349400	2.510223866	0.002109432	0.002343813	0.337743461	0.000000000	1.087294936	1.590745926	1.914504647	2.123807192	2.268889189	2.367173195	2.429206133	2.467722654	2.486942053
2.501708031	2.513505220	2.527177334	2.531396389	2.516708374	2.558350086	2.830857515	0.000000000	2.734370470	2.659993410	2.612492323	2.583272696	2.567881584	2.555303097	2.543818474	2.539677858	2.537412167	2.536162138	2.532021284	2.514052153	0.002265686	0.006172041	0.331024528	0.000000000	1.073544502	1.581995726	1.914426565	2.128338575	2.271154881	2.364985466	2.426471710	2.466706991
2.493504763	2.512411356	2.517177105	2.519911528	2.526630640	2.529599428	2.525692940	2.523661613	2.562490940	2.828279257	0.000000000	2.730776548	2.655540228	2.611164093	2.579366446	2.558897018	2.546865463	2.542568445	2.537646532	2.533974409	2.513739586	0.002421940	0.005859533	0.334774643	0.000000000	1.073153853	1.575823665	1.911535859	2.129276037	2.267795563	2.363969803	2.425690413
2.464441299	2.494832754	2.511552095	2.523271084	2.527646303	2.524755478	2.523505449	2.526786804	2.527177334	2.523739815	2.516083479	2.551943779	2.825388670	0.000000000	2.711323023	2.644133806	2.595929384	2.570225477	2.552646875	2.544834137	2.536630869	2.517020941	0.002265686	0.001328161	0.337196589	0.000000000	1.081904173	1.580667615	1.907317042	2.127791643	2.269436121	2.359204054
0.000000000	2.448347092	2.481707573	2.511239529	2.520224094	2.527333736	2.531708717	2.532802582	2.527099371	2.525927305	2.526708603	2.524130583	2.523192883	2.505848646	2.545693636	2.749214649	2.663899899	2.611242294	2.579756975	2.561787844	2.547568560	2.538193464	2.517020941	0.002343813	0.001328161	0.342743605	0.000000000	1.090966821	1.587855220	1.913801551	2.126775980	2.268186092
2.362173080	2.438346863	2.810544491	0.000000000	2.712573051	2.638430357	2.595382452	2.571241140	2.557100058	2.551162481	2.542802811	2.536005735	2.530615091	2.525614977	2.534990072	2.523739815	2.506473780	2.532177687	2.543505907	2.544599771	2.541709185	2.538583994	2.533115149	2.514442682	0.002343813	0.006562677	0.333680868	0.000000000	1.075888395	1.586761475	1.915910959	2.128885508
2.268654823	2.360610485	2.432799816	2.462800741	2.517020941	2.824997902	0.000000000	2.727885962	2.654993296	2.607726574	2.579678774	2.562959671	2.552021742	2.545302868	2.535537004	2.521161556	2.531162024	2.530849457	2.526161671	2.524208546	2.528036833	2.529286861	2.530380726	2.528036833	2.512176991	0.002265686	0.004296991	0.338290364	0.000000000	1.079091549	1.579808116	1.915989041
2.130994797	2.268889189	2.359516621	2.430377960	2.465691328	2.483191967	2.470691442	2.530302525	2.819841623	0.000000000	2.727104664	2.652258873	2.606945276	2.579444408	2.560772181	2.552568674	2.544209242	2.529989958	2.531708717	2.530068159	2.529677391	2.527411699	2.529052496	2.528036833	2.524755478	2.510145664	0.002421940	0.002265686	0.338915378	0.000000000	1.082607269	1.580276966
1.907629490	2.125057220	2.267092228	2.358344793	2.427721739	2.462175608	2.481238604	2.495301485	2.486629486	2.484207630	2.535537004	2.825544834	0.000000000	2.728354692	2.650774479	2.605148315	2.575147390	2.559131384	2.549287319	2.535380840	2.534130812	2.525849342	2.525536776	2.525302410	2.524989843	2.522724152	2.506551981	0.002343813	0.006484549	0.337509096	0.000000000	1.078622818
1.580745697	1.906067014	2.119588375	2.261701584	2.362173080	2.422799587	2.456316233	2.475769758	2.492410898	2.501317263	2.495535851	2.497254848	2.491395235	2.537802696	2.815622807	0.000000000	2.721010685	2.647415161	2.601710796	2.573428631	2.557256460	2.542412281	2.542099714	2.530927420	2.523271084	2.522645950	2.520458460	2.504755020	0.002500067	0.004687626	0.338524729	0.000000000
1.080263495	1.582698822	1.911770225	2.123338461	2.260529518	2.369673252	2.429596663	2.505614281	2.508895636	2.515458345	2.521474123	2.523271084	2.507489443	2.514286518	2.513505220	2.501004934	2.541005850	2.820232153	0.000000000	2.723198414	2.652337074	2.604523182	2.576085091	2.553662539	2.551006317	2.543271542	2.531708717	2.524599314	0.000000000	0.002343813	0.001093779	0.338759124
0.000000000	1.076825857	1.578714371	1.908332586	2.124822855	2.300530672	2.376782656	2.432565451	2.470222712	2.489832640	2.502723694	2.512723923	2.517411470	2.519520998	2.508114338	2.514130116	2.519364834	2.514130116	2.500067234	2.543271542	2.829841852	0.000000000	2.729917288	2.653899670	2.604210854	2.570147276	2.560225248	2.549521685	2.541318417	2.531005621	0.002343813	0.007500202
0.335165262	0.000000000	1.075966477	1.576917410	1.905754447	2.150917292	2.288342953	2.373032570	2.428346634	2.461706877	2.479754210	2.495926619	2.505770683	2.513505220	2.517880201	2.518817902	2.474441528	2.490692139	2.506629944	2.514208317	2.509833097	2.500379801	2.543193579	2.844920397	0.000000000	2.743511438	2.660227776	2.605304480	2.581085205	2.561240911	2.550381184	2.539287090
2.265373468	2.223419189	2.257873297	2.317093611	2.418736935	2.455847502	2.483973026	2.507020712	2.520692825	2.528896332	2.536865234	2.543974876	2.545928001	2.544677973	2.523895979	0.002343813	0.000390636	0.622673035	0.000000000	1.415116191	1.887160182	2.162245750	2.318968773	2.406705379	2.446550369	2.522645950	2.812731981	0.000000000	2.731323481	2.664368629	2.627023935	2.599366903
2.582569599	2.568506718	2.549599886	2.531865120	2.524442911	2.527255535	2.529989958	2.534052610	2.539755821	2.541943550	2.539912224	2.542568445	2.544990301	2.546084166	2.541240215	2.521552324	0.002265686	0.005859533	0.338055968	0.000000000	1.077216506	1.605199456	1.947943091	2.167011499	2.306312084	2.395923853	2.444675207	2.464597702	2.527099371	2.820935249	0.000000000	2.724448442
2.663743496	2.617648602	2.588428974	2.571788073	2.563506603	2.556475163	2.551084280	2.546474934	2.544990301	2.545771599	2.544990301	2.542255878	2.539912224	2.540068388	2.540849686	2.538505793	2.514677048	0.002421940	0.006797058	0.335399657	0.000000000	1.073310137	1.562151432	1.907317042	2.132244825	2.273733139	2.365688801	2.428737164	2.468816519	2.486238718	2.484519958	2.541084051
2.850154877	0.000000000	2.737183094	2.659055948	2.612492323	2.583585262	2.571319342	2.559756517	2.552646875	2.549287319	2.549052954	2.545459270	2.540068388	2.539208889	2.538740158	2.537568331	2.535849571	2.521552324	0.002343813	0.005859533	0.333290219	0.000000000	1.080341578	1.579730034	1.894582272	2.119900942	2.266623497	2.362563610	2.418736935	2.455066204	2.484676361	2.501551628
2.501473665	2.490926504	2.541943550	2.864373922	0.000000000	2.758511782	2.662571669	2.611788988	2.581319571	2.562803507	2.550302982	2.545068502	2.537646532	2.533818245	2.532490015	2.533505678	2.531708717	2.528974295	2.509755135	0.002343813	0.001875050	0.336415321	0.000000000	1.083544850	1.585902095	1.913488984	2.121541500	2.269123554	2.363735437	2.427174807	2.464832067	2.484832525
2.501004934	2.514755249	2.520302296	2.516474009	2.507098675	2.554990768	2.823044777	0.000000000	2.731870413	2.657415390	2.611164093	2.582960129	2.567256689	2.555381298	2.544365406	2.540146589	2.537958860	2.536552668	2.532177687	2.513973951	0.002265686	0.006093914	0.331727684	0.000000000	1.075028896	1.581917644	1.915051579	2.129198074	2.264904737	2.360610485	2.422721386	2.465691328
2.491707802	2.508114338	2.513817787	2.517177105	2.523192883	2.526161671	2.524521112	2.523114920	2.558037758	2.823904276	0.000000000	2.729292154	2.653118372	2.609679699	2.579053879	2.557178259	2.547021627	2.541084051	2.538037062	2.533193111	2.514208317	0.002265686	0.006328295	0.332587093	0.000000000	1.069638133	1.573714256	1.910129547	2.127244711	2.267170429	2.360766649	2.422330856
2.462644339	2.489520073	2.506708145	2.520067930	2.525380611	2.523505449	2.521161556	2.526474237	2.528115034	2.525536776	2.516864538	2.550459385	2.824373007	0.000000000	2.714291811	2.645071268	2.597491741	2.570147276	2.555303097	2.544912338	2.537490129	2.517567873	0.002265686	0.001875050	0.336180925	0.000000000	1.077919602	1.575745583	1.907863855	2.126151085	2.268420458	2.358422995
0.000000000	2.446159601	2.478738546	2.500458002	2.511552095	2.522645950	2.528505564	2.530536890	2.527489901	2.526865005	2.526630640	2.524833679	2.523036718	2.506083012	2.542099714	2.803356647	2.702494621	2.633977175	2.593741655	2.569131613	2.552646875	2.540693521	2.518583536	0.002187559	0.002890703	0.337743461	0.000000000	1.080966592	1.583558321	1.909895182	2.124901056	2.267404795
2.361469746	2.426471710	2.781949997	0.000000000	2.694369555	2.629836559	2.588663578	2.567569256	2.554912567	2.548740625	2.542646646	2.536943436	2.531396389	2.526786804	2.531708717	2.523583651	2.506942511	2.535380840	2.549521685	2.548662424	2.544834137	2.541318417	2.534677744	2.516005278	0.002343813	0.000312508	0.333680868	0.000000000	1.078700900	1.582933307	1.912551522	2.126541615
2.266545296	2.360454082	2.421315193	2.455066204	2.510692596	2.814294577	0.000000000	2.721401453	2.650071383	2.605929613	2.568897247	2.556318760	2.549052954	2.542881012	2.534912109	2.525458574	2.531552553	2.532177687	2.526239872	2.524911642	2.530380726	2.531943083	2.531005621	2.529130697	2.512333393	0.002343813	0.004453245	0.335634053	0.000000000	1.075341463	1.579026937	1.910520196
2.125604153	2.265764236	2.356860399	2.421315193	2.458972454	2.477644920	2.471394777	2.530146360	2.827654362	0.000000000	2.715307474	2.645852566	2.601710796	2.575616121	2.559053183	2.550302982	2.543271542	2.529677391	2.532724380	2.530771255	2.529443026	2.527958632	2.529208660	2.527958632	2.523974180	2.509598732	0.002421940	0.001718796	0.339384139	0.000000000	1.082763553	1.581526995
1.908957601	2.125135422	2.265060902	2.357250929	2.417955637	2.456472397	2.477019787	2.492176533	2.484207630	2.483973026	2.534677744	2.824373007	0.000000000	2.729917288	2.653587103	2.605851412	2.575772524	2.559287786	2.548896790	2.534052610	2.534208775	2.526552439	2.525849342	2.524755478	2.525771141	2.522489786	2.506864309	0.002421940	0.006797058	0.338524729	0.000000000	1.082997918
1.586839557	1.911613941	2.122947693	2.263967276	2.354360342	2.415299416	2.450769186	2.473426104	2.490926504	2.500848532	2.507020712	2.505301952	2.494364023	2.537724495	2.816091537	0.000000000	2.721401453	2.646790028	2.600226164	2.572335005	2.556475163	2.540380955	2.540927887	2.530302525	2.523974180	2.522411585	2.520458460	2.504364252	0.002265686	0.004296991	0.338134110	0.000000000
1.077529073	1.581839442	1.913488984	2.127948046	2.265920401	2.359204054	2.420533895	2.458347559	2.478504181	2.494832754	2.510067701	2.515692711	2.504911184	2.514130116	2.512098789	2.499989271	2.541396618	2.819841623	0.000000000	2.725854635	2.649993181	2.604132652	2.576944351	2.553896904	2.551865578	2.542724609	2.532099485	2.524833679	0.000000000	0.002343813	0.001328161	0.335009009
0.000000000	1.075419545	1.576292396	1.907785773	2.125135422	2.265607834	2.355844736	2.419283867	2.454831839	2.476004124	2.491317034	2.504129887	2.512958288	2.517333508	2.505379915	2.514286518	2.519520998	2.514520884	2.500692368	2.540771484	2.828513622	0.000000000	2.727260828	2.653665304	2.604288816	2.568506718	2.559990883	2.549287319	2.540927887	2.531318188	0.002265686	0.000000000
0.335790306	0.000000000	1.074872732	1.576526880	1.905207515	2.123025894	2.264045238	2.355610371	2.416939974	2.454988003	2.475301027	2.491160870	2.502411127	2.513739586	2.518349171	2.519599199	2.476472855	2.492801428	2.506317616	2.514286518	2.510536432	2.500301600	2.543974876	2.852811098	0.000000000	2.745074034	2.664212465	2.604445219	2.576397419	2.558350086	2.546709299	2.539052725
2.264670372	2.223419189	2.257717133	2.315687418	2.375298262	2.425456047	2.464363337	2.494754791	2.513583422	2.523192883	2.534130812	2.542646646	2.547021627	2.545459270	2.523895979	0.002265686	0.000390636	0.620407343	0.000000000	1.414803743	1.885910153	2.161620617	2.318968773	2.405924082	2.445534706	2.525771141	2.813435078	0.000000000	2.737261295	2.665071726	2.627727032	2.600773096
2.582257032	2.568584681	2.549599886	2.532177687	2.522802353	2.520536661	2.523192883	2.528583765	2.535458803	2.537958860	2.538740158	2.540459156	2.545068502	2.545537233	2.541709185	2.521864891	0.002265686	0.006172041	0.335321516	0.000000000	1.075966477	1.605668187	1.947943091	2.166698933	2.306859016	2.396002054	2.443659544	2.464988232	2.526630640	2.821013451	0.000000000	2.726479769
2.662806034	2.618273735	2.589601040	2.572100401	2.563740969	2.555850029	2.550615549	2.546709299	2.543584108	2.544990301	2.544677973	2.541005850	2.539365292	2.540459156	2.541005850	2.538271427	2.515458345	0.002421940	0.007578329	0.335321516	0.000000000	1.072372675	1.563010812	1.906145096	2.129510403	2.271623611	2.365141869	2.428815365	2.468738317	2.486082554	2.484363794	2.539755821
2.849217415	0.000000000	2.735854864	2.659446716	2.613117218	2.585069656	2.572178602	2.560303211	2.552646875	2.549678087	2.549287319	2.548662424	2.544677973	2.541552782	2.539990187	2.538896561	2.536396503	2.521239758	0.002187559	0.005547024	0.333602726	0.000000000	1.076200843	1.580198765	1.895988584	2.121697664	2.268967390	2.362251043	2.417877674	2.455300570	2.483269930	2.501161098
2.500614166	2.490145206	2.540615320	2.858045816	0.000000000	2.755699158	2.671087503	2.615539074	2.583975792	2.563975334	2.551318645	2.543974876	2.537724495	2.533818245	2.534990072	2.549521685	2.542724609	2.534677744	2.513817787	0.002187559	0.005937660	0.338446617	0.000000000	1.100810885	1.601527452	1.923020482	2.131854296	2.273654938	2.369126320	2.431862354	2.468113422	2.487723351
2.501942396	2.514677048	2.520458460	2.517255306	2.507802010	2.554912567	2.829451084	0.000000000	2.737651825	2.659759045	2.614054680	2.575381756	2.561240911	2.555928230	2.545146704	2.541474581	2.539130926	2.538974524	2.534130812	2.515770912	0.001093779	0.000078127	0.335243404	0.000000000	1.091123104	1.593558550	1.923254967	2.134198189	2.271780014	2.364204407	2.426627874	2.467019558
2.493739128	2.508505106	2.514286518	2.517177105	2.522958517	2.526161671	2.522567987	2.521864891	2.557646990	2.825154305	0.000000000	2.725464106	2.651165247	2.608664036	2.577803850	2.557959557	2.546162367	2.541474581	2.536943436	2.533505678	2.513192654	0.002265686	0.005312643	0.332508951	0.000000000	1.071044445	1.579886317	1.913176537	2.131776094	2.270373583	2.366079330	2.425690413
2.465847731	2.490457773	2.507489443	2.519052267	2.525302410	2.523192883	2.522958517	2.525614977	2.527802467	2.529521227	2.519520998	2.553662539	2.826638699	0.000000000	2.711791754	2.644133806	2.596398115	2.570772409	2.553662539	2.544912338	2.536787033	2.519130230	0.002343813	0.003437593	0.338134110	0.000000000	1.081435323	1.577933073	1.910207748	2.127244711	2.268967390	2.359750986
0.000000000	2.447566032	2.483738661	2.501473665	2.513973951	2.522645950	2.529599428	2.532802582	2.527489901	2.525614977	2.523192883	2.526239872	2.531318188	2.511239529	2.549365520	2.821326017	2.711244822	2.639602423	2.596788645	2.570928574	2.552959442	2.541709185	2.518427134	0.002343813	0.002734449	0.338290364	0.000000000	1.081591606	1.582777023	1.911301494	2.125916719	2.267639160
2.360376120	2.421236992	2.760230541	0.000000000	2.681478500	2.620070457	2.583350897	2.563037872	2.550225019	2.545537233	2.545693636	2.541240215	2.534599543	2.529286861	2.534599543	2.525302410	2.507176876	2.537958860	2.552099943	2.549912453	2.546162367	2.542412281	2.535224438	2.516708374	0.002265686	0.001015652	0.334383994	0.000000000	1.074482083	1.579417586	1.910754561	2.125604153
2.267404795	2.360532284	2.422721386	2.457253695	2.515770912	2.829294920	0.000000000	2.728667259	2.653508902	2.607882738	2.580147505	2.561162710	2.552256346	2.546787262	2.538271427	2.528271198	2.534990072	2.533505678	2.527880669	2.526318073	2.531239986	2.531162024	2.530224323	2.528115034	2.512176991	0.002265686	0.004296991	0.337977856	0.000000000	1.081122875	1.581214428	1.912395239
2.127791643	2.267248631	2.359282255	2.422252655	2.460066319	2.477879286	2.468503952	2.529755592	2.817888498	0.000000000	2.727417231	2.644133806	2.602335691	2.576085091	2.559678316	2.551787376	2.544287205	2.530458689	2.531630754	2.530146360	2.528974295	2.527177334	2.529599428	2.527724266	2.524677277	2.509598732	0.002265686	0.001718796	0.338055968	0.000000000	1.080029130	1.581917644
1.908488870	2.124588490	2.266310930	2.356547832	2.418971300	2.455534935	2.477097988	2.493113995	2.483660698	2.482098103	2.529677391	2.793512821	0.000000000	2.707494736	2.639992952	2.598819971	2.570850372	2.557256460	2.547490597	2.535380840	2.533505678	2.526239872	2.524442911	2.523036718	2.525224209	2.521864891	2.506786346	0.002343813	0.006718931	0.339540392	0.000000000	1.085107327
1.584027052	1.910598278	2.122478962	2.262326479	2.354672670	2.416315079	2.451628447	2.472488403	2.489598274	2.501082897	2.495145321	2.498348475	2.495848417	2.538271427	2.816872835	0.000000000	2.718432665	2.647571325	2.598976135	2.572412968	2.556006432	2.542490244	2.542021513	2.530380726	2.524130583	2.521474123	2.520927191	2.504755020	0.002343813	0.004687626	0.337977856	0.000000000
1.080966592	1.588870883	1.915676594	2.128963470	2.267560959	2.359047890	2.421315193	2.458191156	2.478660583	2.494754791	2.506551981	2.513192654	2.497879744	2.510770798	2.509676933	2.499207973	2.540849686	2.810310125	0.000000000	2.719291925	2.647493124	2.602023125	2.573506832	2.552725077	2.551162481	2.542255878	2.531943083	2.524208546	0.000000000	0.002343813	0.000703144	0.335634053
0.000000000	1.075107098	1.578323722	1.909270167	2.126619816	2.265998602	2.356547832	2.418658972	2.454831839	2.476551056	2.492020130	2.503895521	2.512333393	2.516161442	2.503895521	2.515067816	2.518661499	2.514208317	2.498895407	2.539365292	2.826091766	0.000000000	2.729057789	2.653587103	2.605382681	2.570772409	2.560615778	2.550615549	2.541396618	2.530615091	0.002343813	0.007109567
0.333837122	0.000000000	1.075263381	1.574729919	1.904191852	2.120057106	2.262795210	2.356000900	2.418502569	2.457097530	2.475066662	2.491395235	2.502332926	2.510145664	2.515849113	2.521552324	2.476316690	2.493270159	2.506864309	2.514599085	2.511552095	2.500379801	2.542724609	2.852654934	0.000000000	2.744136333	2.663509130	2.606398344	2.581632137	2.562647104	2.549990654	2.539287090
2.265060902	2.222637892	2.256623268	2.314593554	2.374829531	2.425690413	2.464363337	2.493426561	2.511005163	2.522645950	2.533505678	2.540224552	2.544443607	2.543662310	2.523583651	0.002109432	0.000078127	0.617360353	0.000000000	1.413475513	1.882863164	2.159120560	2.317406178	2.405220985	2.444519043	2.524286747	2.802653551	0.000000000	2.727260828	2.661712408	2.625070810	2.598898172
2.582257032	2.568819284	2.550693750	2.532255650	2.522958517	2.520927191	2.522333622	2.528427362	2.535224438	2.538349628	2.537880898	2.539834023	2.542568445	2.543896675	2.539287090	2.521552324	0.002265686	0.005859533	0.335555911	0.000000000	1.074091434	1.601293087	1.942083597	2.163730145	2.304124594	2.393111229	2.442565680	2.465379000	2.526474237	2.810544491	0.000000000	2.721479654
2.660696745	2.615773678	2.588663578	2.571397305	2.563194036	2.555772066	2.549209356	2.545537233	2.543427944	2.544912338	2.544209242	2.540927887	2.539208889	2.539755821	2.540146589	2.542255878	2.518583536	0.002265686	0.002890703	0.336727828	0.000000000	1.076200843	1.564495206	1.908098221	2.130994797	2.272170544	2.364516735	2.427956104	2.467800856	2.486238718	2.485848188	2.538271427
2.846014261	0.000000000	2.733589172	2.658899784	2.611945391	2.584444523	2.570459843	2.559912682	2.553037405	2.549052954	2.548271656	2.544912338	2.539834023	2.538974524	2.538037062	2.538115263	2.537099600	2.522880554	0.002343813	0.007187693	0.333446473	0.000000000	1.077607155	1.578558087	1.895363569	2.119900942	2.268420458	2.363266706	2.418112040	2.454675436	2.483035564	2.500692368
2.501864195	2.491629601	2.543427944	2.856326818	0.000000000	2.755777359	2.669524908	2.613976717	2.581007004	2.561865807	2.550849915	2.545302868	2.539677858	2.534677744	2.533662081	2.533505678	2.533505678	2.529599428	2.511630058	0.002421940	0.003750101	0.337587208	0.000000000	1.083466649	1.585745811	1.912004590	2.120916605	2.264357805	2.363110542	2.427799702	2.465066433	2.486160755
2.500458002	2.513739586	2.519755363	2.516239643	2.508036375	2.554131269	2.821013451	0.000000000	2.729526520	2.657727718	2.612179756	2.582882166	2.568194151	2.554600000	2.544209242	2.540302753	2.538037062	2.537412167	2.533427715	2.514599085	0.002343813	0.006718931	0.330399513	0.000000000	1.070575714	1.580276966	1.912395239	2.127244711	2.272170544	2.364673138	2.426315308	2.466785192
2.492254734	2.509286404	2.513739586	2.517958403	2.523036718	2.526786804	2.523427248	2.522255421	2.559990883	2.827966690	0.000000000	2.728511095	2.656321526	2.610695362	2.581710100	2.558975220	2.547568560	2.542255878	2.539755821	2.534443140	2.514911413	0.002343813	0.007031439	0.332508951	0.000000000	1.068700671	1.572854877	1.907785773	2.126151085	2.266623497	2.359985352	2.422409058
2.462253809	2.489363909	2.504286289	2.517958403	2.524130583	2.522021055	2.521395922	2.524599314	2.527333736	2.526161671	2.515223980	2.552725077	2.822341681	0.000000000	2.710854292	2.641946077	2.595538616	2.570538044	2.552646875	2.544209242	2.537099600	2.517177105	0.002343813	0.001484415	0.335477799	0.000000000	1.083232284	1.578558087	1.906145096	2.125447750	2.363501072	2.417799473
0.000000000	2.480769873	2.503973722	2.521708488	2.526865005	2.531943083	2.534833908	2.534208775	2.528661966	2.526552439	2.526474237	2.524911642	2.523427248	2.506629944	2.546005964	2.817575932	2.709135532	2.632883310	2.592491627	2.568975449	2.552256346	2.540224552	2.518739700	0.002343813	0.003046957	0.338759124	0.000000000	1.084169865	1.584339499	1.913488984	2.127166748	2.382564068
2.442565680	2.478191853	2.826716661	0.000000000	2.721323252	2.647649527	2.599835634	2.575225592	2.559678316	2.551553011	2.544052839	2.536240101	2.531396389	2.526318073	2.531630754	2.523036718	2.506317616	2.550381184	2.557646990	2.553115606	2.547568560	2.543193579	2.535849571	2.515770912	0.002187559	0.000078127	0.332587093	0.000000000	1.073232055	1.581136346	1.911223292	2.125760317
2.265451670	2.368345022	2.433424950	2.465769529	2.525302410	2.836717129	0.000000000	2.739136219	2.658821583	2.611945391	2.581241369	2.563740969	2.553193808	2.546240330	2.537021399	2.526239872	2.535693169	2.534443140	2.530693054	2.529677391	2.533583879	2.532802582	2.531318188	2.528896332	2.512489557	0.002265686	0.004609499	0.335790306	0.000000000	1.077841520	1.577933073	1.909348249
2.126775980	2.266701698	2.356313467	2.421236992	2.460378647	2.478426218	2.469675779	2.527880669	2.823513508	0.000000000	2.729839087	2.655852795	2.609679699	2.580694437	2.562803507	2.553662539	2.545302868	2.532568216	2.533349514	2.530693054	2.530068159	2.527724266	2.529989958	2.528192997	2.524833679	2.510380030	0.002421940	0.002500067	0.337509096	0.000000000	1.082529187	1.582855105
1.909895182	2.124979019	2.265686035	2.357719660	2.417721272	2.454362869	2.477801085	2.492332697	2.484441996	2.481472969	2.531943083	2.824607372	0.000000000	2.726401567	2.653821468	2.605460882	2.576553822	2.558350086	2.549287319	2.535224438	2.532646418	2.525458574	2.525302410	2.524599314	2.525146246	2.522255421	2.506708145	0.002265686	0.006640804	0.338368475	0.000000000	1.082450986
1.582308292	1.911770225	2.123182297	2.264279842	2.354438305	2.415846348	2.451081753	2.472019672	2.491239071	2.501551628	2.495067120	2.497723579	2.489989042	2.538974524	2.816482067	0.000000000	2.721870184	2.646086931	2.596319914	2.570538044	2.554990768	2.542490244	2.542177916	2.530302525	2.524052382	2.522645950	2.521708488	2.504598618	0.002343813	0.004531372	0.335477799	0.000000000
1.076435208	1.583402038	1.912317157	2.129276037	2.267092228	2.359126091	2.421783924	2.458269358	2.479051113	2.494676590	2.506629944	2.513036489	2.497489214	2.507489443	2.506083012	2.498114109	2.538740158	2.790934563	0.000000000	2.703744650	2.636477232	2.596319914	2.570381641	2.550928116	2.545928001	2.536474466	2.527802467	2.520302296	0.000000000	0.002343813	0.004609499	0.334774643
0.000000000	1.073700786	1.577229977	1.910520196	2.129119873	2.267951727	2.357172966	2.420065165	2.456081867	2.475457191	2.491942167	2.503973722	2.512098789	2.516317844	2.503817320	2.511005163	2.514208317	2.512255192	2.500379801	2.542177916	2.823904276	0.000000000	2.724604607	2.649680614	2.601788759	2.569053650	2.559834480	2.549365520	2.541865349	2.532255650	0.002265686	0.000937525
0.335087150	0.000000000	1.076747775	1.577386260	1.909113884	2.125135422	2.265842199	2.356626034	2.416627645	2.456003666	2.476629257	2.491629601	2.502567291	2.510223866	2.515223980	2.518036604	2.475457191	2.493035793	2.506161213	2.514130116	2.513661385	2.502645493	2.548428059	2.853436232	0.000000000	2.744917631	2.662728071	2.606476545	2.581632137	2.562022209	2.549599886	2.539912224
2.265295267	2.224200487	2.257873297	2.316077948	2.376001596	2.425456047	2.481160641	2.522958517	2.529130697	2.533505678	2.539287090	2.544287205	2.546396732	2.544677973	2.523661613	0.002343813	0.000156254	1.211985707	1.782157421	2.100291014	2.287327290	2.393736362	2.450769186	2.473582268	2.540459156	2.821560383	0.000000000	2.739683151	2.667806149	2.629055262	2.601945162	2.584366560
2.571162939	2.551396847	2.533115149	2.523505449	2.520849228	2.521786690	2.527177334	2.538193464	2.543349743	2.540459156	2.543193579	2.545849800	2.546474934	2.542412281	2.522255421	0.000000000	0.022188097	0.343212366	0.000000000	1.142999530	1.674341917	2.003725767	2.206700087	2.334047318	2.415377617	2.457566261	2.475144863	2.533505678	2.824216604	0.000000000	2.726870298	2.665306091
2.618039370	2.589366674	2.571319342	2.563350201	2.555068731	2.549365520	2.545615435	2.542959213	2.544912338	2.544599771	2.542177916	2.540459156	2.540537119	2.540927887	2.538818359	2.514833450	0.002109432	0.006953312	0.336337179	0.000000000	1.078075886	1.567932844	1.914113998	2.139588833	2.279905081	2.371079445	2.433815479	2.472410440	2.488113880	2.486238718	2.541943550	2.838435888
0.000000000	2.729682922	2.655696630	2.610226631	2.584210157	2.570694208	2.559131384	2.552412510	2.549599886	2.548584223	2.544521570	2.539834023	2.538583994	2.537880898	2.537490129	2.535380840	2.523114920	0.001953178	0.007422075	0.335790306	0.000000000	1.080888510	1.582698822	1.895988584	2.120525837	2.269201756	2.363110542	2.421080828	2.456472397	2.484598160	2.502020597	2.500926733
2.490848303	2.539990187	2.857655048	0.000000000	2.755855560	2.668196917	2.615070343	2.582803965	2.563272238	2.550537348	2.545771599	2.538505793	2.534208775	2.533583879	2.533662081	2.532490015	2.528036833	2.512880087	0.002031305	0.005000134	0.337821603	0.000000000	1.084872961	1.588714719	1.914739013	2.122244596	2.267560959	2.363423109	2.426237106	2.465144396	2.486473322	2.500067234
2.514052153	2.519911528	2.517255306	2.508739471	2.554287434	2.815466404	0.000000000	2.726401567	2.655462027	2.610460997	2.582491398	2.566944122	2.554912567	2.544365406	2.540068388	2.538271427	2.536552668	2.531786919	2.514442682	0.002265686	0.006562677	0.332196444	0.000000000	1.072997689	1.581136346	1.913801551	2.128572941	2.266936064	2.360532284	2.422252655	2.465222597	2.491004467
2.508036375	2.513192654	2.517020941	2.523036718	2.526083708	2.524052382	2.523036718	2.558897018	2.825544834	0.000000000	2.727729797	2.654837132	2.609992266	2.580303907	2.558037758	2.546865463	2.541630983	2.537021399	2.533349514	2.515302181	0.002265686	0.007422075	0.333368361	0.000000000	1.069716334	1.574808002	1.908645153	2.126698017	2.266779900	2.359516621	2.420299530	2.461550713
2.488426447	2.505770683	2.518817902	2.524208546	2.522411585	2.521395922	2.524286747	2.526786804	2.525458574	2.514599085	2.550225019	2.811794519	0.000000000	2.705385447	2.639680386	2.594679356	2.570225477	2.553975105	2.544990301	2.536787033	2.518427134	0.002187559	0.002734449	0.338993490	0.000000000	1.079560280	1.576214314	1.906770110	2.125604153	2.266857862	2.358813524	0.000000000
2.446628332	2.483035564	2.501473665	2.513505220	2.523036718	2.529052496	2.531630754	2.526786804	2.524755478	2.526474237	2.525146246	2.523739815	2.507489443	2.544834137	2.819060326	2.710463524	2.639133692	2.596007347	2.570850372	2.553037405	2.541865349	2.519364834	0.002421940	0.003671974	0.338759124	0.000000000	1.086591721	1.590120912	1.914113998	2.126307249	2.268498659	2.361860514
2.426862240	2.783903122	0.000000000	2.697103977	2.628586531	2.589132309	2.567647219	2.554287434	2.549443722	2.542490244	2.534755707	2.530771255	2.526474237	2.531239986	2.522958517	2.505848646	2.536787033	2.551240683	2.550068617	2.546162367	2.542177916	2.535927773	2.516005278	0.002343813	0.000312508	0.332430840	0.000000000	1.076122761	1.583558321	1.916223526	2.129510403	2.268107891
2.361313581	2.423190355	2.456550598	2.514052153	2.828904390	0.000000000	2.728745461	2.654134035	2.607257605	2.578897476	2.562803507	2.553662539	2.542568445	2.534755707	2.525614977	2.531396389	2.531318188	2.526708603	2.525614977	2.530536890	2.531708717	2.531630754	2.528896332	2.513348818	0.002343813	0.005468897	0.335087150	0.000000000	1.075575829	1.576761246	1.910363913	2.127401114
2.268733025	2.359126091	2.422487020	2.460691214	2.478426218	2.467957020	2.528896332	2.816794634	0.000000000	2.727651596	2.652961969	2.608273268	2.580382109	2.565694094	2.554131269	2.544521570	2.531318188	2.532021284	2.529755592	2.529365063	2.527489901	2.528661966	2.529052496	2.526474237	2.510380030	0.002421940	0.002500067	0.336962193	0.000000000	1.084013581	1.580511332	1.906770110
2.124822855	2.265607834	2.357719660	2.418815136	2.454519272	2.477176189	2.492098331	2.482645035	2.480926275	2.528505564	2.819529057	0.000000000	2.723510742	2.651477575	2.604679585	2.575381756	2.559834480	2.549052954	2.534990072	2.533115149	2.524833679	2.525771141	2.524442911	2.527099371	2.523974180	2.507723808	0.002187559	0.007656456	0.339774787	0.000000000	1.083076000	1.584886432
1.910988927	2.122635365	2.263967276	2.354125977	2.415689945	2.450925350	2.473660469	2.491239071	2.501864195	2.498348475	2.500458002	2.492254734	2.538583994	2.817497730	0.000000000	2.721479654	2.648196220	2.600382566	2.572803736	2.556943893	2.542959213	2.543115377	2.530068159	2.524130583	2.523974180	2.522255421	2.505926847	0.002500067	0.005859533	0.336805940	0.000000000	1.084013581
1.584808350	1.914582849	2.128651142	2.267092228	2.359047890	2.421549559	2.460144281	2.478972912	2.495692253	2.506551981	2.512255192	2.500770569	2.509676933	2.508895636	2.499598503	2.542724609	2.821404219	0.000000000	2.726245403	2.651555777	2.604835749	2.575538158	2.553818703	2.552178144	2.543271542	2.533193111	2.525224209	0.000000000	0.002265686	0.001718796	0.336805940	0.000000000
1.078466535	1.578714371	1.910442114	2.127244711	2.265764236	2.356469631	2.418424606	2.454284906	2.475847960	2.490848303	2.504051924	2.511786461	2.515067816	2.505145550	2.512176991	2.514833450	2.510614395	2.498504877	2.540693521	2.828123093	0.000000000	2.730386019	2.653743267	2.588272810	2.559990883	2.554678202	2.547412395	2.540380955	2.530380726	0.002421940	0.006875185	0.332977712
0.000000000	1.074013352	1.575823665	1.906535745	2.124197721	2.264982939	2.355922937	2.417330742	2.455300570	2.475926161	2.492020130	2.501786232	2.518583536	2.521474123	2.521317959	2.476629257	2.493113995	2.506161213	2.513895750	2.511083364	2.500458002	2.541943550	2.852030039	0.000000000	2.744136333	2.654993296	2.601398230	2.578585148	2.559443951	2.548896790	2.538662195	2.265060902
2.222872257	2.257091999	2.315921783	2.375610828	2.426237106	2.464050770	2.494285822	2.513036489	2.522489786	2.533271313	2.541552782	2.545302868	2.544677973	2.523583651	0.002343813	0.000078127	0.621501088	0.000000000	1.415350676	1.884035110	2.159511328	2.319515705	2.406705379	2.446940899	2.525146246	2.814528942	0.000000000	2.735073566	2.662024736	2.627023935	2.597882509	2.582569599
2.568194151	2.549131155	2.532177687	2.521630526	2.520224094	2.522880554	2.526786804	2.533740044	2.536708832	2.537333965	2.540615320	2.542802811	2.544834137	2.540927887	2.521317959	0.002265686	0.005625152	0.334383994	0.000000000	1.072294474	1.600668073	1.942005396	2.163495779	2.305765152	2.393892527	2.442722082	2.470222712	2.528427362	2.821013451	0.000000000	2.723823309	2.664212465
2.617023706	2.589132309	2.572803736	2.563584566	2.555615664	2.549443722	2.545615435	2.543427944	2.544834137	2.544834137	2.541709185	2.538896561	2.540927887	2.540615320	2.538193464	2.515067816	0.002265686	0.007187693	0.336805940	0.000000000	1.075575829	1.562385798	1.907082558	2.131541729	2.271467447	2.364751101	2.435456276	2.475222826	2.490613937	2.486004353	2.542255878	2.851092339
0.000000000	2.736714363	2.659602880	2.612648487	2.585382223	2.571866035	2.559834480	2.551943779	2.548740625	2.548662424	2.545771599	2.540615320	2.539052725	2.537490129	2.538037062	2.536474466	2.521552324	0.002265686	0.005859533	0.334383994	0.000000000	1.081044793	1.580980062	1.897629261	2.123260260	2.272483110	2.364594936	2.430221796	2.463816404	2.490145206	2.507176876	2.504520655
2.493504763	2.544365406	2.888671637	0.000000000	2.772105932	2.681791067	2.622336149	2.587725878	2.566631556	2.553037405	2.546318531	2.537646532	2.534130812	2.533505678	2.534521341	2.530927420	2.528271198	2.509989500	0.002265686	0.002109432	0.335477799	0.000000000	1.079950929	1.587620854	1.913801551	2.120760202	2.264982939	2.363501072	2.437018871	2.472488403	2.490535736	2.504051924
2.516083479	2.519911528	2.516786575	2.506473780	2.558193922	2.822029114	0.000000000	2.732261181	2.656634092	2.612414122	2.583507061	2.568037987	2.556787491	2.543974876	2.540615320	2.538505793	2.537255764	2.533036947	2.513895750	0.000703144	0.013828497	0.336102813	0.000000000	1.077372789	1.591449142	1.921848655	2.132166862	2.301468134	2.383033037	2.438034296	2.474050999	2.497723579
2.511395693	2.516083479	2.519364834	2.523661613	2.526474237	2.522489786	2.523739815	2.560225248	2.828513622	0.000000000	2.728120327	2.656008959	2.610617161	2.579522610	2.558115721	2.546709299	2.540693521	2.537177801	2.532412052	2.513270855	0.002187559	0.005390770	0.333524615	0.000000000	1.513712645	1.857315660	2.122791529	2.258420229	2.349516392	2.412721157	2.454519272	2.485223293
2.503895521	2.517177105	2.526239872	2.530380726	2.525692940	2.524677277	2.526630640	2.527489901	2.526239872	2.515927076	2.549443722	2.819919586	0.000000000	2.709135532	2.642258644	2.595148087	2.568975449	2.552881241	2.544209242	2.535615206	2.521239758	0.002265686	0.005547024	0.337977856	0.000000000	1.085341692	1.625043750	2.006304026	2.204981327	2.323890686	2.427565336	0.000000000
2.486316919	2.507020712	2.515849113	2.522333622	2.527099371	2.532490015	2.532255650	2.527958632	2.525849342	2.526630640	2.525458574	2.523895979	2.507098675	2.545381069	2.814841509	2.709057331	2.638352394	2.596710443	2.571397305	2.553740740	2.542490244	2.519208431	0.002187559	0.003515720	0.336024672	0.000000000	1.082138538	1.665904284	1.973178148	2.169667721	2.300061941	2.384986162
2.445300341	2.797106504	0.000000000	2.705229044	2.635227203	2.593351126	2.569991112	2.558272123	2.550615549	2.543896675	2.536318302	2.530146360	2.526708603	2.531083822	2.522802353	2.505848646	2.536005735	2.550849915	2.549365520	2.544521570	2.539755821	2.533427715	2.516552210	0.002421940	0.000859398	0.332899600	0.000000000	1.408475399	1.802704811	2.050992727	2.213965893	2.321468830
2.393736362	2.445456505	2.472488403	2.521786690	2.825310469	0.000000000	2.727807760	2.654602766	2.609288931	2.582257032	2.564522266	2.554209471	2.546552896	2.536865234	2.527099371	2.532802582	2.532724380	2.526630640	2.526083708	2.530693054	2.530927420	2.530927420	2.528271198	2.512411356	0.002343813	0.004531372	0.337665349	0.000000000	1.175812960	1.669029355	1.981772065	2.178339958
2.304202795	2.382876635	2.438034296	2.469363451	2.485848188	2.473894835	2.531239986	2.828123093	0.000000000	2.730620384	2.657181025	2.609054565	2.579522610	2.561084509	2.551709414	2.544131041	2.530615091	2.531786919	2.530458689	2.529130697	2.527489901	2.529521227	2.527489901	2.524911642	2.509989500	0.002265686	0.002109432	0.442121267	0.000000000	1.172765970	1.641997337	1.951849461
2.155214310	2.287874222	2.373423338	2.428971767	2.463191271	2.481941938	2.495848417	2.485692024	2.481082439	2.533193111	2.814138174	0.000000000	2.722182751	2.648196220	2.602726460	2.572803736	2.557178259	2.548037291	2.535068274	2.534208775	2.527411699	2.525771141	2.524208546	2.525224209	2.522333622	2.506473780	0.002187559	0.006406423	0.502044797	0.000000000	1.208391905	1.668091774
1.962084055	2.155839205	2.284670830	2.370063782	2.427565336	2.458269358	2.478582382	2.493895292	2.504051924	2.495614052	2.496864080	2.489989042	2.534599543	2.802184820	0.000000000	2.711635590	2.642805576	2.597179413	2.571084976	2.555537462	2.542881012	2.542959213	2.530927420	2.524599314	2.522724152	2.521317959	2.505067348	0.002265686	0.005000134	0.342665464	0.000000000	1.103935957
1.610355854	1.937005281	2.145682812	2.279983282	2.367641926	2.427721739	2.463035107	2.481160641	2.496395350	2.507645607	2.513661385	2.499442339	2.508973837	2.508583069	2.498426676	2.538505793	2.817107201	0.000000000	2.721479654	2.649524450	2.602570057	2.574131727	2.551396847	2.550928116	2.542568445	2.532255650	2.524833679	0.000000000	0.002109432	0.001328161	0.835491240	1.399178267
1.775672793	2.026929617	2.197168589	2.308030844	2.382407904	2.434049845	2.465144396	2.481785536	2.495457888	2.505145550	2.512098789	2.516005278	2.503661156	2.512176991	2.517177105	2.513192654	2.498582840	2.540693521	2.814372778	0.000000000	2.721870184	2.649758816	2.603273153	2.572725534	2.562334538	2.551396847	2.542802811	2.532724380	0.002187559	0.001406288	0.340712309	0.000000000
1.129639745	1.636372209	1.956380844	2.160292625	2.290764809	2.374439001	2.430377960	2.463425636	2.481707573	2.495692253	2.504442453	2.512255192	2.516161442	2.518739700	2.476785421	2.493035793	2.506239414	2.513192654	2.510067701	2.501864195	2.542568445	2.852420568	0.000000000	2.745542765	2.661556005	2.605460882	2.580616474	2.560225248	2.548349857	2.540068388	2.267560959	2.223575592
2.259670258	2.321781158	2.382329702	2.432331085	2.470379114	2.498661041	2.516864538	2.525302410	2.535302639	2.542177916	2.545381069	2.544521570	2.523427248	0.002187559	0.007734583	0.618219793	0.000000000	1.414256811	1.883019447	2.160995722	2.318265438	2.405924082	2.445065737	2.524364948	2.806638002	0.000000000	2.729057789	2.662571669	2.625461340	2.598663807	2.579210043	2.566787958
2.549052954	2.532802582	2.521942854	2.519911528	2.522411585	2.527646303	2.535146475	2.538740158	2.538505793	2.540771484	2.543896675	2.544912338	2.541396618	2.521317959	0.002343813	0.005625152	0.336415321	0.000000000	1.073310137	1.601840019	1.943177342	2.164433241	2.306077719	2.396705151	2.444519043	2.467097759	2.528427362	2.821404219	0.000000000	2.729057789	2.654680967	2.611788988
2.586554050	2.570303679	2.562725306	2.555225134	2.549287319	2.546318531	2.543740273	2.545068502	2.544677973	2.541552782	2.540224552	2.540302753	2.541240215	2.539052725	2.514989614	0.002265686	0.007109567	0.336102813	0.000000000	1.080888510	1.565745234	1.909270167	2.134198189	2.273420572	2.365766764	2.429596663	2.468582153	2.486551285	2.485769987	2.538583994	2.743901968	0.000000000
2.671947002	2.621711254	2.590147972	2.571241140	2.563272238	2.554834366	2.549052954	2.547021627	2.546865463	2.542881012	2.539052725	2.537724495	2.536943436	2.536318302	2.534833908	2.521239758	0.002343813	0.005547024	0.335790306	0.000000000	1.082919836	1.586214542	1.898723006	2.122010231	2.269904852	2.363032341	2.418112040	2.454909801	2.482176304	2.499754906	2.503661156	2.492098331
2.531630754	2.863827229	0.000000000	2.756949186	2.669759512	2.613898516	2.582335234	2.562100172	2.550849915	2.545224905	2.539521456	2.534990072	2.533740044	2.534521341	2.531474352	2.528661966	2.510614395	0.002343813	0.002734449	0.336884081	0.000000000	1.079638481	1.584027052	1.913567185	2.123651028	2.269826651	2.366157532	2.467957020	2.493504763	2.513739586	2.518505335	2.525536776
2.527489901	2.523349285	2.509755135	2.557256460	2.829529285	0.000000000	2.736011267	2.658431053	2.613351583	2.583585262	2.568584681	2.555693865	2.544131041	2.540693521	2.537880898	2.537958860	2.532255650	2.514599085	0.002265686	0.006718931	0.331571430	0.000000000	1.071122646	1.579417586	1.915364027	2.127557278	2.264826536	2.360219717	2.427330971	2.470691442	2.502645493	2.517489672
2.519599199	2.522021055	2.524364948	2.528505564	2.523427248	2.523427248	2.559365749	2.819841623	0.000000000	2.725854635	2.652258873	2.609445333	2.579366446	2.558037758	2.546865463	2.541318417	2.537255764	2.533349514	2.513895750	0.002265686	0.006015787	0.332118332	0.000000000	1.069013119	1.571370482	1.906457543	2.127401114	2.267170429	2.360297918	2.421471357	2.469050884	2.494676590
2.510223866	2.522333622	2.527333736	2.524989843	2.523583651	2.526786804	2.527724266	2.525302410	2.515849113	2.552099943	2.824216604	0.000000000	2.713432550	2.644055605	2.597179413	2.570772409	2.554678202	2.545537233	2.538505793	2.517645836	0.002343813	0.001953178	0.336337179	0.000000000	1.075888395	1.574808002	1.904816866	2.123025894	2.267795563	2.358266592	0.000000000	2.456316233
2.490926504	2.507176876	2.517724037	2.524911642	2.531708717	2.532490015	2.527568102	2.526239872	2.526474237	2.524677277	2.523271084	2.506317616	2.543037176	2.805310011	2.702728987	2.634289742	2.593741655	2.569053650	2.552256346	2.540537119	2.517880201	0.002265686	0.002187559	0.335555911	0.000000000	1.082216620	1.582855105	1.910676479	2.123885393	2.265764236	2.361547947	2.436940670
2.780309200	0.000000000	2.695150614	2.629601955	2.590929031	2.567256689	2.555459499	2.549912453	2.541943550	2.535224438	2.531318188	2.526083708	2.532880783	2.523427248	2.506395578	2.536865234	2.548115492	2.547178030	2.544443607	2.541240215	2.534677744	2.517020941	0.002265686	0.001328161	0.332274586	0.000000000	1.072919488	1.580042601	1.910832763	2.126385450	2.266389132	2.359907389
2.434284210	2.464285135	2.519520998	2.832341909	0.000000000	2.734839201	2.657493353	2.610148430	2.581163168	2.564444065	2.553506374	2.544990301	2.536708832	2.525536776	2.532412052	2.532177687	2.526318073	2.527958632	2.532177687	2.531474352	2.531005621	2.529052496	2.511864424	0.002421940	0.003984482	0.334462136	0.000000000	1.079013467	1.579964399	1.909348249	2.126541615	2.266389132
2.367485523	2.429518461	2.466160059	2.482019901	2.473738432	2.530771255	2.828279257	0.000000000	2.733120441	2.656087160	2.609210968	2.579444408	2.562100172	2.552021742	2.543974876	2.530693054	2.531552553	2.529833794	2.527646303	2.526083708	2.528974295	2.527255535	2.524208546	2.510145664	0.002343813	0.002265686	0.336884081	0.000000000	1.080888510	1.580823779	1.909895182	2.125838518
2.267092228	2.370766878	2.428737164	2.461628675	2.481238604	2.495223522	2.486473322	2.483504295	2.533740044	2.823982239	0.000000000	2.728354692	2.652415276	2.604757547	2.576397419	2.559912682	2.549521685	2.535927773	2.534286976	2.526318073	2.525692940	2.524833679	2.525536776	2.522255421	2.506629944	0.002343813	0.006562677	0.338602871	0.000000000	1.080107212	1.580745697	1.908801436
2.124197721	2.264436007	2.369985819	2.425924778	2.457331896	2.477722883	2.492801428	2.503348589	2.495067120	2.496473551	2.490223408	2.534521341	2.802966118	0.000000000	2.713041782	2.641789913	2.597648144	2.571162939	2.556162596	2.542802811	2.542724609	2.529989958	2.523505449	2.522099257	2.520771027	2.505223751	0.002265686	0.005156389	0.335946560	0.000000000	1.077919602	1.581839442
1.912785888	2.126932383	2.288108587	2.375376463	2.432878017	2.467019558	2.482957602	2.498426676	2.508036375	2.514052153	2.502723694	2.510536432	2.510145664	2.499598503	2.539755821	2.819997787	0.000000000	2.725385904	2.649837017	2.603898287	2.574913025	2.552490711	2.552021742	2.542412281	2.532099485	2.524755478	0.000000000	0.002421940	0.001250034	0.336727828	0.000000000	1.076435208
1.580355048	1.910051465	2.125838518	2.265842199	2.375923395	2.433815479	2.464832067	2.481238604	2.493660927	2.505301952	2.511942625	2.516239643	2.504832983	2.513270855	2.519130230	2.513036489	2.499364138	2.537412167	2.819372892	0.000000000	2.721948385	2.648118258	2.601945162	2.568194151	2.558350086	2.547490597	2.539208889	2.535537004	0.002421940	0.004218864	0.335243404	0.000000000
1.081435323	1.580355048	1.907785773	2.123025894	2.263498545	2.368579388	2.426784039	2.461316347	2.480222940	2.505614281	2.512645721	2.517020941	2.519677162	2.519755363	2.472097874	2.488426447	2.504598618	2.512645721	2.509364367	2.500223637	2.540927887	2.832263708	0.000000000	2.733589172	2.657805920	2.604132652	2.580772638	2.561709642	2.550068617	2.540068388	2.265373468	2.223419189
2.258888960	2.316077948	2.375454664	2.436784267	2.474050999	2.499989271	2.516864538	2.525536776	2.535146475	2.543193579	2.546709299	2.545459270	2.524599314	0.002265686	0.001093779	0.620251060	0.000000000	1.417381883	1.886066437	2.161854982	2.319437504	2.407252312	2.447487831	2.524052382	2.813513279	0.000000000	2.733276844	2.664524794	2.627648830	2.600148201	2.582491398	2.568428516
2.550302982	2.530771255	2.521708488	2.519833565	2.526318073	2.530771255	2.537333965	2.539443493	2.539521456	2.541162252	2.544052839	2.544599771	2.540693521	2.521864891	0.002265686	0.006172041	0.335868418	0.000000000	1.071591377	1.602152467	1.945833683	2.166308403	2.307483912	2.396314621	2.444987774	2.465300798	2.526630640	2.820466518	0.000000000	2.729370356	2.663665533	2.618039370
2.589913607	2.571788073	2.563740969	2.556084394	2.548818588	2.546318531	2.544365406	2.546318531	2.545068502	2.541318417	2.540302753	2.540693521	2.540771484	2.539130926	2.515223980	0.002343813	0.007343948	0.335634053	0.000000000	1.073935151	1.561057687	1.905051351	2.130682468	2.273186207	2.365454435	2.428190470	2.467957020	2.486629486	2.485535622	2.537255764	2.847264290	0.000000000
2.733198643	2.657727718	2.612414122	2.585304022	2.571475506	2.559678316	2.553037405	2.549052954	2.548428059	2.546474934	2.541240215	2.538740158	2.537646532	2.537958860	2.536396503	2.520849228	0.002343813	0.005156389	0.334852755	0.000000000	1.082216620	1.581058145	1.896144867	2.120525837	2.267717361	2.362485409	2.418268204	2.455144167	2.482722998	2.499051571	2.500145435	2.489910841
2.541552782	2.858514547	0.000000000	2.755542994	2.670774937	2.615382910	2.580616474	2.561553240	2.550459385	2.545459270	2.537646532	2.534599543	2.533740044	2.534130812	2.531239986	2.528271198	2.512411356	0.002343813	0.004531372	0.337352842	0.000000000	1.082372904	1.586839557	1.913879633	2.120604038	2.266545296	2.363032341	2.427877903	2.465925694	2.486160755	2.500926733	2.514130116
2.520302296	2.516552210	2.507489443	2.554912567	2.819607258	0.000000000	2.728511095	2.649211884	2.606788874	2.581163168	2.565850258	2.555146933	2.542802811	2.539990187	2.537880898	2.536552668	2.532490015	2.512958288	0.002265686	0.005078262	0.330243260	0.000000000	1.075966477	1.581995726	1.912707806	2.128729105	2.263889074	2.359516621	2.421705961	2.464285135	2.491551399	2.507723808
2.513505220	2.517099142	2.523036718	2.527177334	2.523427248	2.523114920	2.559287786	2.827576160	0.000000000	2.727885962	2.653821468	2.609914064	2.579913139	2.558350086	2.546631098	2.541162252	2.537490129	2.533193111	2.514208317	0.002265686	0.006328295	0.334227741	0.000000000	1.071200728	1.572854877	1.908645153	2.127166748	2.268810987	2.361157417	2.421627760	2.462566376	2.488739014
2.506005049	2.519130230	2.525068045	2.523427248	2.521317959	2.525146246	2.527880669	2.534052610	2.521161556	2.557256460	2.828670025	0.000000000	2.717651367	2.645852566	2.599054337	2.571475506	2.555615664	2.545381069	2.537177801	2.517255306	0.002421940	0.001562542	0.336571574	0.000000000	1.076982141	1.574026823	1.907317042	2.125447750	2.268264294	2.358891726	0.000000000	2.445925236
2.481785536	2.500926733	2.512176991	2.523271084	2.528818130	2.530849457	2.526474237	2.524599314	2.530693054	2.528661966	2.525771141	2.507958174	2.542099714	2.792106390	2.695150614	2.628039598	2.590694666	2.566397190	2.551553011	2.539521456	2.517958403	0.002265686	0.002265686	0.339149773	0.000000000	1.083232284	1.582855105	1.909660816	2.124354124	2.267092228	2.361547947	2.426237106
2.793981552	0.000000000	2.702807188	2.633352280	2.592022896	2.569209814	2.556631327	2.549599886	2.542568445	2.536630869	2.532099485	2.527489901	2.533349514	2.523895979	2.507489443	2.536630869	2.549756050	2.546552896	2.544052839	2.539677858	2.534208775	2.515692711	0.002343813	0.000000000	0.331258923	0.000000000	1.076279044	1.581683278	1.912238955	2.127010345	2.266232967	2.360376120
2.422955990	2.456081867	2.513427019	2.823982239	0.000000000	2.726792097	2.653274536	2.608117104	2.580694437	2.562334538	2.553193808	2.545693636	2.537412167	2.526161671	2.533740044	2.532177687	2.526318073	2.526865005	2.530536890	2.530693054	2.530693054	2.527724266	2.511708260	0.002343813	0.003828228	0.335555911	0.000000000	1.075419545	1.579261303	1.910676479	2.126307249	2.267092228
2.358110428	2.457175493	2.484598160	2.494207859	2.477176189	2.531396389	2.810310125	0.000000000	2.721401453	2.640383720	2.599132538	2.574209929	2.557881355	2.550068617	2.542959213	2.529599428	2.532177687	2.530615091	2.529130697	2.527958632	2.528818130	2.527802467	2.524677277	2.508973837	0.002343813	0.001093779	0.339306027	0.000000000	1.081357241	1.578792572	1.907629490	2.124354124
2.264592171	2.356079102	2.422877789	2.459988117	2.480769873	2.496004820	2.486863852	2.483582497	2.530771255	2.809997559	0.000000000	2.719057560	2.644680500	2.600695133	2.571788073	2.557959557	2.549365520	2.536396503	2.533662081	2.527099371	2.525692940	2.525302410	2.525068045	2.522489786	2.508426905	0.002265686	0.000546890	0.337118447	0.000000000	1.079872847	1.583011389	1.909113884
2.121463299	2.263107777	2.354125977	2.415689945	2.450925350	2.473504066	2.490613937	2.501629829	2.499676704	2.502332926	2.492957830	2.536552668	2.815544605	0.000000000	2.719448328	2.646555662	2.599210739	2.572335005	2.555615664	2.542959213	2.541240215	2.530536890	2.524364948	2.522958517	2.521708488	2.505067348	0.002265686	0.005000134	0.336259067	0.000000000	1.085888624	1.586995840
1.915520310	2.129979134	2.267092228	2.359438658	2.422252655	2.459519386	2.479519844	2.495770454	2.510067701	2.516552210	2.500536203	2.512802124	2.510223866	2.499051571	2.540302753	2.816013336	0.000000000	2.725229740	2.649055719	2.604835749	2.575225592	2.553975105	2.552490711	2.542334080	2.532021284	2.524521112	0.000000000	0.002343813	0.001015652	0.334618390	0.000000000	1.072450757
1.575511217	1.910520196	2.126385450	2.266076565	2.356313467	2.417565107	2.453737974	2.473816633	2.490145206	2.503192425	2.514364481	2.517802238	2.503114223	2.513036489	2.517489672	2.512333393	2.499442339	2.538271427	2.821716547	0.000000000	2.724682808	2.651165247	2.602335691	2.568194151	2.559678316	2.550302982	2.541865349	2.532724380	0.002265686	0.001406288	0.336102813	0.000000000
1.352614522	1.753484726	2.010991573	2.186543226	2.302561998	2.377407789	2.430612326	2.463582039	2.480457306	2.495067120	2.506083012	2.514364481	2.518661499	2.520458460	2.474207163	2.491473436	2.506473780	2.513973951	2.511239529	2.502958059	2.543349743	2.851326704	0.000000000	2.748198986	2.664290428	2.608820200	2.582960129	2.563975334	2.551318645	2.540849686	2.265998602	2.261232853
2.303655863	2.355844736	2.406549215	2.448269129	2.480144978	2.504989386	2.518661499	2.527255535	2.536318302	2.543271542	2.545693636	2.545146704	2.523036718	0.002421940	0.007343948	0.618922889	0.000000000	1.414256811	1.883878827	2.159823895	2.316781044	2.405377388	2.445847034	2.523505449	2.812107086	0.000000000	2.731557846	2.664681196	2.626867533	2.599210739	2.581866503	2.566787958
2.545849800	2.531005621	2.524130583	2.524521112	2.526708603	2.531396389	2.538349628	2.541005850	2.539521456	2.541552782	2.545146704	2.546005964	2.541630983	2.522177219	0.002265686	0.006484549	0.334774643	0.000000000	1.069247603	1.600589991	1.943802357	2.166698933	2.307327747	2.395767689	2.443659544	2.466160059	2.528427362	2.820388556	0.000000000	2.728823423	2.663743496	2.616945505
2.589757204	2.571866035	2.563037872	2.555693865	2.549209356	2.545537233	2.544131041	2.545302868	2.544912338	2.542412281	2.540302753	2.542177916	2.541865349	2.539912224	2.515458345	0.002343813	0.007578329	0.337196589	0.000000000	1.073466420	1.558713794	1.905129433	2.129198074	2.270373583	2.363891840	2.427877903	2.467566490	2.485223293	2.485926390	2.537177801	2.835388899	0.000000000
2.725776434	2.654524565	2.610226631	2.583038330	2.569834948	2.559600115	2.552725077	2.549131155	2.548584223	2.545537233	2.540224552	2.540146589	2.538583994	2.538115263	2.536240101	2.522021055	0.002265686	0.006328295	0.334696501	0.000000000	1.079560280	1.581214428	1.895910382	2.121228933	2.269201756	2.362485409	2.417799473	2.453425407	2.482332468	2.498817205	2.500614166	2.492410898
2.543974876	2.874999285	0.000000000	2.766090155	2.675150156	2.619132996	2.584522724	2.564053535	2.551240683	2.545537233	2.539521456	2.533505678	2.533818245	2.534755707	2.533896446	2.529833794	2.511083364	0.002343813	0.003203211	0.334227741	0.000000000	1.080966592	1.585824013	1.915207863	2.121541500	2.267326593	2.364360571	2.427799702	2.465769529	2.486160755	2.500770569	2.514130116
2.520145893	2.517020941	2.507411242	2.556084394	2.825857401	0.000000000	2.732729912	2.657805920	2.613039017	2.583975792	2.568350315	2.555537462	2.544365406	2.541474581	2.538974524	2.537412167	2.533036947	2.514442682	0.002343813	0.006562677	0.330946416	0.000000000	1.071982026	1.579026937	1.912160873	2.127791643	2.264436007	2.360063553	2.422565222	2.464753866	2.491395235	2.507176876
2.513427019	2.516630173	2.522567987	2.526474237	2.522177219	2.523271084	2.559912682	2.823435307	0.000000000	2.678197145	2.622570515	2.591710329	2.566709757	2.551240683	2.542802811	2.539130926	2.536474466	2.532646418	2.513739586	0.002421940	0.005859533	0.333133966	0.000000000	1.068231940	1.571214199	1.907785773	2.127010345	2.268264294	2.360063553	2.421471357	2.461472511	2.488035679
2.504208088	2.517802238	2.524599314	2.523114920	2.521708488	2.525146246	2.526396275	2.525927305	2.517802238	2.552099943	2.825466633	0.000000000	2.710463524	2.634445906	2.591241598	2.562881470	2.547646761	2.539130926	2.532880783	2.516708374	0.002031305	0.001015652	0.336337179	0.000000000	1.077763438	1.579105020	1.909660816	2.127401114	2.269514322	2.360219717	0.000000000	2.447253466
2.483426332	2.502879858	2.514364481	2.523349285	2.528661966	2.531552553	2.526239872	2.525302410	2.526552439	2.524130583	2.523036718	2.505614281	2.542724609	2.772730827	2.682650328	2.621086121	2.586163282	2.563897133	2.549678087	2.539599657	2.518583536	0.002265686	0.002890703	0.337040335	0.000000000	1.082060337	1.585745811	1.912238955	2.125604153	2.267248631	2.361391783	2.427174807
2.774605989	0.000000000	2.692025661	2.626320839	2.588585377	2.566944122	2.554522038	2.549365520	2.541943550	2.535380840	2.530849457	2.526474237	2.532177687	2.522177219	2.509364367	2.533193111	2.546240330	2.544990301	2.543271542	2.539990187	2.533193111	2.514677048	0.002187559	0.006797058	0.333368361	0.000000000	1.075810194	1.581995726	1.912082791	2.127401114	2.266936064	2.360141754
2.422643423	2.457019329	2.510692596	2.814528942	0.000000000	2.721245050	2.652102709	2.606320143	2.578506947	2.563818932	2.551084280	2.544912338	2.536318302	2.525692940	2.533505678	2.533818245	2.528192997	2.527255535	2.531239986	2.531552553	2.530146360	2.528036833	2.512802124	0.002187559	0.004922008	0.336493433	0.000000000	1.074169517	1.578714371	1.911692142	2.127244711	2.267092228
2.358344793	2.421315193	2.459050655	2.479051113	2.468269587	2.526396275	2.810153723	0.000000000	2.721557617	2.650305748	2.605695248	2.579522610	2.560850143	2.552178144	2.544131041	2.530380726	2.532490015	2.531005621	2.529443026	2.527802467	2.529521227	2.527802467	2.525068045	2.509598732	0.002109432	0.001718796	0.337352842	0.000000000	1.079325914	1.578948736	1.907004476	2.125447750
2.266310930	2.356626034	2.418268204	2.456628561	2.476785421	2.494364023	2.488739014	2.484519958	2.534130812	2.824529171	0.000000000	2.726714134	2.650227547	2.604835749	2.576709986	2.559834480	2.551162481	2.537880898	2.535927773	2.527177334	2.526083708	2.524521112	2.525458574	2.522802353	2.506786346	0.002343813	0.006718931	0.336884081	0.000000000	1.080654144	1.581761360	1.907473207
2.122322798	2.264123440	2.355376005	2.416158915	2.450378418	2.472800970	2.488973379	2.500145435	2.494129658	2.496082783	2.490067005	2.536474466	2.810935020	0.000000000	2.719995022	2.643977404	2.598663807	2.569053650	2.554522038	2.542802811	2.542099714	2.531083822	2.523818016	2.522802353	2.521630526	2.505458117	0.002265686	0.005390770	0.336024672	0.000000000	1.081044793	1.585433364
1.913879633	2.128338575	2.266389132	2.359438658	2.421783924	2.458347559	2.479285479	2.494754791	2.506473780	2.512880087	2.497957945	2.508348703	2.506942511	2.497020483	2.536865234	2.812575817	0.000000000	2.705775976	2.637883425	2.597023010	2.570147276	2.551631212	2.550146818	2.542255878	2.533115149	2.524208546	0.000000000	0.002343813	0.000703144	0.336571574	0.000000000	1.082060337
1.582620740	1.910910845	2.126229048	2.265373468	2.355610371	2.418190241	2.454909801	2.473426104	2.489363909	2.501942396	2.510848761	2.515223980	2.502801895	2.512958288	2.516942739	2.512802124	2.499442339	2.541240215	2.813044548	0.000000000	2.717182636	2.648040056	2.601085663	2.568272352	2.559990883	2.548037291	2.541084051	2.532333851	0.002421940	0.001015652	0.334618390	0.000000000
1.071747661	1.577854991	1.907551408	2.123572826	2.265139103	2.356000900	2.416393280	2.455066204	2.476160526	2.491863966	2.502645493	2.510770798	2.515927076	2.518114805	2.474910498	2.492410898	2.505614281	2.514208317	2.510614395	2.503426790	2.545068502	2.851873636	0.000000000	2.746089697	2.662571669	2.606085777	2.581632137	2.561397076	2.549678087	2.539052725	2.265217304	2.222559929
2.257013798	2.316312313	2.376079559	2.426080942	2.464519501	2.494598389	2.524364948	2.531005621	2.539287090	2.544287205	2.546162367	2.544599771	2.524052382	0.002187559	0.000546890	0.618844807	0.000000000	1.412928700	1.881222486	2.203027964	2.344594479	2.421783924	2.454753637	2.528896332	2.814685106	0.000000000	2.735307932	2.665149927	2.628117561	2.599366903	2.583428860	2.568584681
2.548584223	2.531083822	2.521161556	2.520458460	2.522255421	2.527724266	2.535302639	2.539052725	2.538115263	2.540771484	2.543427944	2.546240330	2.542099714	2.521786690	0.002421940	0.006093914	0.333524615	0.000000000	1.069247603	1.649028778	1.986772299	2.195527792	2.326625109	2.409596205	2.452956676	2.471082211	2.529911995	2.821326017	0.000000000	2.725932837	2.664056063	2.616711140
2.589444637	2.572647333	2.563897133	2.555850029	2.549599886	2.546709299	2.543662310	2.545068502	2.545224905	2.542802811	2.539755821	2.540927887	2.540068388	2.538662195	2.515927076	0.002265686	0.000234381	0.335555911	0.000000000	1.073466420	1.643559933	1.965052962	2.169902086	2.297796249	2.381392241	2.438971996	2.474285364	2.489910841	2.487957716	2.542568445	2.851483107	0.000000000
2.736948729	2.659446716	2.612570286	2.585538387	2.572100401	2.560615778	2.552412510	2.548896790	2.548428059	2.545771599	2.541005850	2.539755821	2.538037062	2.537255764	2.535302639	2.520145893	0.002265686	0.004453245	0.332977712	0.000000000	1.075185180	1.640122294	1.938880324	2.150604725	2.288420916	2.375689030	2.427018404	2.460300684	2.485848188	2.502489328	2.502332926	2.490457773
2.542334080	2.860233307	0.000000000	2.756324291	2.669837475	2.614914179	2.583272696	2.564131498	2.552490711	2.546162367	2.538271427	2.533271313	2.533115149	2.533583879	2.532568216	2.530693054	2.511395693	0.002265686	0.003515720	0.337040335	0.000000000	1.082685351	1.645200610	1.955443263	2.149198532	2.285530329	2.376079559	2.435768604	2.471004009	2.490613937	2.502801895	2.515927076
2.521161556	2.517099142	2.508895636	2.555615664	2.822888613	0.000000000	2.731714249	2.657181025	2.612179756	2.582882166	2.568037987	2.555537462	2.544131041	2.540459156	2.538193464	2.536083937	2.532021284	2.513817787	0.002265686	0.005937660	0.330008894	0.000000000	1.124327183	1.626684427	1.945911765	2.150292397	2.286389589	2.373501301	2.431784153	2.470613480	2.494832754	2.511083364
2.514833450	2.518427134	2.523818016	2.526630640	2.523349285	2.523271084	2.559756517	2.827654362	0.000000000	2.728120327	2.655852795	2.610382795	2.580928802	2.559209585	2.546787262	2.542099714	2.537880898	2.533505678	2.513817787	0.002343813	0.005937660	0.332508951	0.000000000	1.384959221	1.773016453	2.032320261	2.203184366	2.312249660	2.389595509	2.439596891	2.473660469	2.496707916
2.511786461	2.523739815	2.527489901	2.524911642	2.523427248	2.527255535	2.527411699	2.525771141	2.516786575	2.554678202	2.827654362	0.000000000	2.681087732	2.625226974	2.585616589	2.564834595	2.550771713	2.543427944	2.535927773	2.516708374	0.002187559	0.001015652	0.348993778	0.000000000	1.095263839	1.618090510	1.948646188	2.158417463	2.292717934	2.375923395	