0
30374
28825
27593
26888
0
26087
25649
32395
0
32716
32305
0
28859
30383
30797
31598
35842
0
34764
30456
31350
31549
0
31542
32445
36194
0
34732
33576
0
29185
29948
0
31486
35454
0
34603
30235
31265
0
27575
29675
31348
35369
0
34243
33554
29224
30527
30931
0
31723
35548
0
34702
33312
32624
0
28905
30410
31679
35541
0
0
34556
30139
31136
31330
0
31910
35675
37596
0
35445
33957
0
29791
30939
31983
32646
36386
0
35189
30697
31551
31632
0
31693
32566
36268
0
34787
33630
0
29211
29951
0
31169
35214
0
34509
30193
31249
0
27564
29650
31263
35211
0
34145
33496
29178
30500
30901
0
31660
35368
0
34585
33262
32615
0
28901
30406
31679
35605
0
0
34609
30177
31167
31337
0
31915
35510
38278
0
35863
34234
0
29957
31058
32065
32782
36479
0
35303
30725
31586
31753
0
31739
32531
35932
0
34581
33493
0
29137
29934
0
31124
35168
0
34477
30160
31221
0
27566
29649
31266
35344
0
34228
33529
29214
30517
30931
0
31701
35574
0
34712
33332
32620
0
28897
30412
31699
35467
0
0
34542
30126
31131
31321
0
31906
35739
37920
0
35675
34108
0
29901
30989
32043
32733
36456
0
35232
30719
31580
31642
0
31670
32549
36149
0
34717
33582
0
29182
29968
0
31184
35416
0
34621
30228
31422
0
27663
29678
31298
35270
0
34194
33523
29250
30567
30957
0
31715
35594
0
34721
33337
32647
0
28947
30442
31702
35680
0
0
34696
30250
31205
31358
0
31931
36060
38106
0
35840
34188
0
29933
31007
32184
32750
36225
0
35116
30626
31518
31615
0
31703
32741
36350
0
34786
33634
0
29215
30005
0
31240
35396
0
34599
30213
31260
0
27546
29624
31271
35315
0
34204
33499
29196
30502
30903
0
31733
35499
0
34642
33269
32617
0
28890
30413
31709
35645
0
0
34675
30213
31175
31346
0
31930
35889
38416
0
35989
34276
0
29997
31056
32103
32787
36458
0
35283
30733
31591
31649
0
31712
32550
36263
0
34636
33563
0
29166
29978
0
31147
35384
0
34608
30217
31269
0
27561
29615
31254
35283
0
34171
33512
29216
30523
30929
0
31696
35542
0
34710
33312
32624
0
28903
30423
31678
35529
0
0
34582
30164
31161
31418
0
31962
35645
38091
0
35777
34200
0
29931
31044
32074
32731
36251
0
35144
30652
31521
31620
0
31696
32553
36255
0
34771
33620
0
29202
29960
0
31195
35324
0
34543
30207
31263
0
27562
29625
31290
35253
0
34196
33505
29197
30512
30917
0
31693
35443
0
34606
33332
32650
0
28930
30446
31727
35725
0
0
34688
30235
31193
31349
0
31937
35618
38101
0
35783
34194
0
29926
31038
32068
32739
36220
0
34944
30528
31472
31582
0
31664
32519
36215
0
34748
33621
0
29199
29987
0
31190
35415
0
34629
30225
31273
0
27554
29618
31263
35308
0
34224
33522
29208
30508
30905
0
31644
35344
0
34555
33305
32641
0
29054
30576
31821
35774
0
0
34723
30226
31185
31355
0
31949
35854
38395
0
35962
34270
0
29995
31057
32086
32808
36540
0
35319
30725
31587
31651
0
31676
32519
36012
0
34620
33536
0
29112
30402
0
31442
35540
0
34677
30266
31355
0
27613
29734
31362
35282
0
34192
33539
29222
30552
30953
0
31721
35604
0
34719
33323
32645
0
28919
30430
31715
35570
0
0
34605
30164
31154
31324
0
31909
35483
37881
0
35648
34095
0
29883
30986
32024
32754
36521
0
35302
30739
31585
31646
0
31683
32536
36265
0
34794
33639
0
29219
29971
0
31168
35287
0
34518
30193
31255
0
27566
29632
31264
35187
0
34178
33430
29165
30485
30908
0
31642
34890
0
34250
33084
32503
0
28847
30383
31629
35674
0
