Current:	100uA
Nodes:		8
Cycles:		117
Elapsed time:	0.45613 seconds
Frequency:	256.50751 Hz

0.000000000	2.435456276	2.355376005	2.346391201	2.258185863	0.002187559	0.000312508	0.410401672
0.000000000	1.132374287	2.054508448	0.000000000	2.270061016	2.355141640	0.002187559	0.003515720
0.337665349	0.000000000	1.082841635	1.587542772	1.962318420	2.503348589	0.000000000	2.521005392
2.266389132	2.228419304	2.244044781	0.002109432	0.001796923	0.556264997	0.000000000	1.388474941
2.161698818	0.000000000	2.320062399	2.373970270	0.002109432	0.006718931	0.347821862	0.000000000
0.000000000	1.236752033	1.775985360	2.378579617	2.380532742	0.002265686	0.005468897	0.337274700
0.000000000	1.070731997	2.021070004	0.000000000	2.539365292	2.520771027	0.001953178	0.005078262
0.342118591	0.000000000	1.079872847	1.568479776	2.357172966	2.722026348	0.000000000	2.655852795
2.383657932	2.303890228	2.289202213	0.002109432	0.000078127	0.599156737	0.000000000	1.422381997
2.178730488	0.000000000	2.339125395	2.386548758	0.002265686	0.003671974	0.331337035	0.000000000
0.000000000	1.235267639	1.764266253	2.361469746	2.371392012	0.002109432	0.004140737	0.332352698
0.000000000	1.058778524	2.014038563	0.000000000	2.168027163	2.298264980	0.002109432	0.001328161
0.333602726	0.000000000	1.068466306	1.561213970	1.945677400	2.501551628	0.000000000	2.513192654
2.264514208	2.242872953	2.253498077	0.001875050	0.003437593	0.547202229	0.000000000	1.378240228
2.157636166	0.000000000	2.316234350	2.370063782	0.002109432	0.002812576	0.329461992	0.000000000
0.000000000	1.196438432	1.736296773	2.324515820	2.347328901	0.002265686	0.003515720	0.332665205
0.000000000	1.060184836	2.015444994	0.000000000	2.170058489	2.292483568	0.002187559	0.003359465
0.333524615	0.000000000	1.072060108	1.562620163	1.944114804	2.500067234	0.000000000	2.513505220
2.261701584	2.226153612	2.240450859	0.001640669	0.006015787	0.543842793	0.000000000	1.378240228
2.161073923	0.000000000	2.319046736	2.368032455	0.002109432	0.000781271	0.328836977	0.000000000
0.000000000	1.188313246	1.730827808	2.320374966	2.344750643	0.000000000	0.000937525	0.392588705
0.000000000	1.115030050	2.050289631	0.000000000	2.187715054	2.301624537	0.001562542	0.004687626
0.337274700	0.000000000	1.085888624	1.584027052	1.965131044	2.512489557	0.000000000	2.522333622
2.268967390	2.230997562	2.245373011	0.002109432	0.003125084	0.547905385	0.000000000	1.377458930
2.145370245	0.000000000	2.308733940	2.365766764	0.002187559	0.006328295	0.329930753	0.000000000
0.000000000	1.212767005	1.748562694	2.353500843	2.362173080	0.002187559	0.002734449	0.333524615
0.000000000	1.064559937	2.011382341	0.000000000	2.164355278	2.294827461	0.002031305	0.005703279
0.367119253	0.000000000	1.109561086	1.598558664	1.964974761	2.496160984	0.000000000	2.510536432
2.263732910	2.232560158	2.248185635	0.002109432	0.005937660	0.552202344	0.000000000	1.379255891
2.141151428	0.000000000	2.310218573	2.364282370	0.002265686	0.004843880	0.333446473	0.000000000
0.000000000	1.220657825	1.747781396	2.344438076	2.359282255	0.002187559	0.007656456	0.332743347
0.000000000	1.063075542	2.015366793	0.000000000	2.167870998	2.297796249	0.001953178	0.000859398
0.522904694	0.000000000	1.207219958	1.648950696	1.995756865	2.530146360	0.000000000	2.534755707
2.274983168	2.252951384	2.266545296	0.001015652	0.000859398	0.553374290	0.000000000	1.386365414
2.163495779	0.000000000	2.315765381	2.368032455	0.002187559	0.000781271	0.328836977	0.000000000
0.000000000	1.208313823	1.745671988	2.340141058	2.357016563	0.002265686	0.005390770	0.332821459
0.000000000	1.058856606	2.152011156	0.000000000	2.262092113	2.354438305	0.002187559	0.002812576
0.363525420	0.000000000	1.104170322	1.584964514	1.974975109	2.520067930	0.000000000	2.525380611
2.265686035	2.234904051	2.250216961	0.002109432	0.000156254	0.548530400	0.000000000	1.375193238
2.150917292	0.000000000	2.312093496	2.365219831	0.001250034	0.005781406	0.333758980	0.000000000
0.000000000	1.197688460	1.737234235	2.338891029	2.356782198	0.002187559	0.005156389	0.335243404
0.000000000	1.605199456	2.331390858	0.000000000	2.351547718	2.418346405	0.001953178	0.004218864
0.336415321	0.000000000	1.147374630	1.651450753	2.022398233	2.544834137	0.000000000	2.544052839
2.279827118	2.228731871	2.245216608	0.002109432	0.002968830	0.558921278	0.000000000	1.388631105
2.168417692	0.000000000	2.326468945	2.373423338	0.002265686	0.006172041	0.328211963	0.000000000
0.000000000	1.189797640	1.733406067	2.326312542	2.349828959	0.002109432	0.006015787	0.332899600
0.000000000	1.058231592	2.005210161	0.000000000	2.165136337	2.291077375	0.002187559	0.001953178
0.342431098	0.000000000	1.084638596	1.572854877	1.944818020	2.484519958	0.000000000	2.502879858
2.257170200	2.224434853	2.240529060	0.002109432	0.006093914	0.547592878	0.000000000	1.375583887
2.155683041	0.000000000	2.315062284	2.366860628	0.002031305	0.007422075	0.329852641	0.000000000
0.000000000	1.200344801	1.737312436	2.336156607	2.355532169	0.002265686	0.003906355	0.330633909
0.000000000	1.056278467	1.994506836	0.000000000	2.157011271	2.287014723	0.002187559	0.005703279
0.333446473	0.000000000	1.177609801	1.640434861	1.987709761	2.522802353	0.000000000	2.525927305
2.270607948	2.230841398	2.252873182	0.002031305	0.002812576	0.550639808	0.000000000	1.378787160
2.149901628	0.000000000	2.312093496	2.365688801	0.002031305	0.006250168	0.329540133	0.000000000
0.000000000	1.197688460	1.738562465	2.336937904	2.353969574	0.002109432	0.002343813	0.330868274
0.000000000	1.056903481	2.004585266	0.000000000	2.159823895	2.292014837	0.002031305	0.002890703
0.334071487	0.000000000	1.068075657	1.561838984	2.008804083	2.529599428	0.000000000	2.529833794
2.274045706	2.232091427	2.243576050	0.002265686	0.001328161	0.555639982	0.000000000	1.384724736
2.158573866	0.000000000	2.317796707	2.368032455	0.002265686	0.000781271	0.329540133	0.000000000
0.000000000	1.191438317	1.734187365	2.316468716	2.343578815	0.002109432	0.007578329	0.333993375
0.000000000	1.059715986	2.015054226	0.000000000	2.174902439	2.295452356	0.002187559	0.006328295
1.887316465	2.077008963	2.153417349	2.272639275	2.688353539	0.000000000	2.626008272	2.327328205
2.414518118	2.427330971	0.002109432	0.005390770	0.575796783	0.000000000	1.399959564	2.159511328
0.000000000	2.302640200	2.369126320	0.002187559	0.001875050	0.328915119	0.000000000	0.000000000
1.203782439	1.746297002	2.355453968	2.363266706	0.002031305	0.003828228	0.332587093	0.000000000
1.064247370	2.013491631	0.000000000	2.170605421	2.296155691	0.002109432	0.007031439	0.334305882
0.000000000	1.073700786	1.649341345	1.992006779	2.519130230	0.000000000	2.522802353	2.270529985
2.231857061	2.254748106	0.002031305	0.004687626	0.553608656	0.000000000	1.380584002	2.142088890
0.000000000	2.308187246	2.363188744	0.002031305	0.003750101	0.329461992	0.000000000	0.000000000
1.194094658	1.738718748	2.353735209	2.363891840	0.002187559	0.004453245	0.332665205	0.000000000
1.060184836	2.009194851	0.000000000	2.164901972	2.295061827	0.002187559	0.005937660	0.334930897
0.000000000	1.069560051	1.564104676	1.964974761	2.515927076	0.000000000	2.524286747	2.268186092
2.229825735	2.242482185	0.002109432	0.000234381	0.545483410	0.000000000	1.374568224	2.149198532
0.000000000	2.313656092	2.365532398	0.002109432	0.006093914	0.328524470	0.000000000	0.000000000
1.188703895	1.734109163	2.329593897	2.351625919	0.001953178	0.000000000	0.331805825	0.000000000
1.058465958	2.003178835	0.000000000	2.163730145	2.285920858	0.002109432	0.004609499	0.335634053
0.000000000	1.078544617	1.569573522	2.202637434	2.667649984	0.000000000	2.610695362	2.321234465
2.262717247	2.262951612	0.002187559	0.005078262	0.579703093	0.000000000	1.402928352	2.164042711
0.000000000	2.324125051	2.374673367	0.002187559	0.007422075	0.327586949	0.000000000	0.000000000
1.594496012	2.438659430	2.762808800	2.603351355	0.002265686	0.001718796	0.331727684	0.000000000
1.056512833	1.988412976	0.000000000	2.210450172	2.344516277	0.002187559	0.000703144	0.648611188
0.000000000	1.290972233	1.693795562	2.012007236	2.526786804	0.000000000	2.533974409	2.274904966
2.263810873	2.278811455	0.001953178	0.005312643	0.551889837	0.000000000	1.378787160	2.152948618
0.000000000	2.311312199	2.365766764	0.002109432	0.006328295	0.331024528	0.000000000	0.000000000
1.209407568	1.746297002	2.328031540	2.348891497	0.002109432	0.005078262	0.334383994	0.000000000
1.060575485	2.002397776	0.000000000	2.165448904	2.291155338	0.002187559	0.002031305	0.335477799
0.000000000	1.194485307	1.650356889	1.994194388	2.531552553	0.000000000	2.532412052	2.273342371
2.233497620	2.258420229	0.001953178	0.000546890	0.552280486	0.000000000	1.381677866	2.145838976
0.000000000	2.311077833	2.361860514	0.002109432	0.002421940	0.328133851	0.000000000	0.000000000
1.191438317	1.736531138	2.348344564	2.361313581	0.002265686	0.001875050	0.331180781	0.000000000
1.058153510	2.011382341	0.000000000	2.167714596	2.293343067	0.001953178	0.004218864	0.335555911
0.000000000	1.072372675	1.563323379	1.984740973	2.516005278	0.000000000	2.521864891	2.269748688
2.231075764	2.242950916	0.002187559	0.000703144	0.551967978	0.000000000	1.381052852	2.161777020
0.000000000	2.320296764	2.370063782	0.002187559	0.002812576	0.329149485	0.000000000	0.000000000
1.196985364	1.740124941	2.355297804	2.367094994	0.001562542	0.007656456	0.333290219	0.000000000
1.058153510	1.996069431	0.000000000	2.157480001	2.287170887	0.002031305	0.005859533	0.333446473
0.000000000	1.068153739	1.561604500	1.943255424	2.536474466	0.000000000	2.533036947	2.273420572
2.232403755	2.244044781	0.002109432	0.001796923	0.552514851	0.000000000	1.383709192	2.157401800
0.000000000	2.316624880	2.368735552	0.002187559	0.001484415	0.327899456	0.000000000	0.000000000
1.194172740	1.735671759	2.323421955	2.347172499	0.002109432	0.003359465	0.330555767	0.000000000
1.056903481	2.012554169	0.000000000	2.169355392	2.293186665	0.002109432	0.004062609	0.332040191
0.000000000	1.067919374	1.565120220	1.942630410	2.495692253	0.000000000	2.510770798	2.262014151
2.225216150	2.240607262	0.002031305	0.006172041	0.545874059	0.000000000	1.374958873	2.137010574
0.000000000	2.303733826	2.360766649	0.002109432	0.001328161	0.328836977	0.000000000	0.000000000
1.201751113	1.741999984	2.354672670	2.363188744	0.002109432	0.003750101	0.332274586	0.000000000
1.058309793	2.002007008	0.000000000	2.161933184	2.291467905	0.002187559	0.002343813	0.332977712
0.000000000	1.068075657	1.563557744	1.947239995	2.502645493	0.000000000	2.514130116	2.264123440
2.253185749	2.257951498	0.002187559	0.000078127	0.546577215	0.000000000	1.374490142	2.154823542
0.000000000	2.315453053	2.371001244	0.002187559	0.003750101	0.329696387	0.000000000	0.000000000
1.200423002	1.739968777	2.342094421	2.357016563	0.002187559	0.005390770	0.332274586	0.000000000
1.057684779	2.012944937	0.000000000	2.167636395	2.293030500	0.002109432	0.003906355	0.332040191
0.000000000	1.069013119	1.561917067	1.944583654	2.500458002	0.000000000	2.511786461	2.262248516
2.227247477	2.240529060	0.001875050	0.006093914	0.544077158	0.000000000	1.374099493	2.131385565
0.000000000	2.298186779	2.360766649	0.002109432	0.001328161	0.330087006	0.000000000	0.000000000
1.204563737	1.743718863	2.351156950	2.358657360	0.002109432	0.007031439	0.330477655	0.000000000
1.057372212	2.007475853	0.000000000	2.339359760	2.407486677	0.002031305	0.001171907	0.336337179
0.000000000	1.072138190	1.574026823	1.975131273	2.518817902	0.000000000	2.536552668	2.276467562
2.260451555	2.264748573	0.002031305	0.006875185	0.553608656	0.000000000	1.383865356	2.163027048
0.000000000	2.324671984	2.374282598	0.002265686	0.007031439	0.329852641	0.000000000	0.000000000
1.206594944	1.743796945	2.338344336	2.354829073	0.002265686	0.003203211	0.332352698	0.000000000
1.063466191	2.007007122	0.000000000	2.169355392	2.301702499	0.002031305	0.004765753	0.335321516
0.000000000	1.072216392	1.562620163	1.942474246	2.481941938	0.000000000	2.506395578	2.261389017
2.225216150	2.260607719	0.002031305	0.002734449	0.548530400	0.000000000	1.723327637	2.358579159
0.000000000	2.432565451	2.439675093	0.002265686	0.002109432	0.327352554	0.000000000	0.000000000
2.293108702	2.409908533	2.734683037	2.566944122	0.000937525	0.004375118	0.334618390	0.000000000
1.067372441	2.000053883	0.000000000	2.206231356	2.342172384	0.002187559	0.006172041	0.335399657
0.000000000	1.476367831	1.810204983	2.087321758	2.587178946	0.000000000	2.568975449	2.293889999
2.300608873	2.315296650	0.002109432	0.002734449	0.557827532	0.000000000	1.388318658	2.165448904
0.000000000	2.316781044	2.370454550	0.002109432	0.003203211	0.327977568	0.000000000	0.000000000
1.219798446	1.751297116	2.337484837	2.356079102	0.002109432	0.004453245	0.334852755	0.000000000
1.060028553	2.012007236	0.000000000	2.169198990	2.292952299	0.001953178	0.003828228	0.337274700
0.000000000	1.346364379	1.739187479	2.048258305	2.561787844	0.000000000	2.547724962	2.285139561
2.241935492	2.275295734	0.002031305	0.001796923	0.556186855	0.000000000	1.385271668	2.147401571
0.000000000	2.312718630	2.364360571	0.002109432	0.004922008	0.329540133	0.000000000	0.000000000
1.194641590	1.734890461	2.318500042	2.345688105	0.002109432	0.001875050	0.332508951	0.000000000
1.065419316	2.016772985	0.000000000	2.169902086	2.294514894	0.002109432	0.005390770	0.333602726
0.000000000	1.068700671	1.565120220	2.040992498	2.556162596	0.000000000	2.545068502	2.281467676
2.237482071	2.246857405	0.002031305	0.004609499	0.556811869	0.000000000	1.385662317	2.142791986
0.000000000	2.310609102	2.364907503	0.002031305	0.005468897	0.328915119	0.000000000	0.000000000
1.192297697	1.735515475	2.330219030	2.351625919	0.002109432	0.000000000	0.332665205	0.000000000
1.060809851	2.014507294	0.000000000	2.167792797	2.295296192	0.002031305	0.006172041	0.335243404
0.000000000	1.072294474	1.564260840	1.945521116	2.528583765	0.000000000	2.532958746	2.274670601
2.233654022	2.244513512	0.002031305	0.002265686	0.552827358	0.000000000	1.381365299	2.159511328
0.000000000	2.317562342	2.371001244	0.002187559	0.003750101	0.330790162	0.000000000	0.000000000
1.204641819	1.745203257	2.351391554	2.362016678	0.002187559	0.002578194	0.333524615	0.000000000
1.061122298	2.012241602	0.000000000	2.166855335	2.294827461	0.002109432	0.005703279	0.333758980
0.000000000	1.074872732	1.567620397	1.947396159	2.502332926	0.000000000	2.517802238	2.267404795
2.232091427	2.244122982	0.002109432	0.001875050	0.548686624	0.000000000	1.380193472	2.155370474
0.000000000	2.314203024	2.368970156	0.002265686	0.001718796	0.330008894	0.000000000	0.000000000
1.200735450	1.744187593	2.353344679	2.363501072	0.002265686	0.004062609	0.333368361	0.000000000
1.060966015	2.017866850	0.000000000	2.171152115	2.297483683	0.002187559	0.000546890	0.332508951
0.000000000	1.069794416	1.564417124	1.949974418	2.514833450	0.000000000	2.524286747	2.267170429
2.243419886	2.250685692	0.002109432	0.000625017	0.545092821	0.000000000	1.375896454	2.164042711
0.000000000	2.324359417	2.373970270	0.002109432	0.006718931	0.327274442	0.000000000	0.000000000
1.191125870	1.733640432	2.322953224	2.348578930	0.001953178	0.004765753	0.333680868	0.000000000
1.060106635	2.012944937	0.000000000	2.170292854	2.293030500	0.002031305	0.003906355	0.333915234
0.000000000	1.070731997	1.562620163	1.945052385	2.500301600	0.000000000	2.513739586	2.263107777
2.227169275	2.264279842	0.001796923	0.006406423	0.547358513	0.000000000	1.375583887	2.149354696
0.000000000	2.313421726	2.364829302	0.002109432	0.005390770	0.328836977	0.000000000	0.000000000
1.193157077	1.732546687	2.316312313	2.342797518	0.002265686	0.006797058	0.333446473	0.000000000
1.066278696	2.018882513	0.000000000	2.172636747	2.294436693	0.002109432	0.005312643	0.333446473
0.000000000	1.069169402	1.563401461	1.945677400	2.498192310	0.000000000	2.512880087	2.262326479
2.276154995	2.273420572	0.000000000	0.007734583	0.563062012	0.000000000	1.391053081	2.164511442
0.000000000	2.323343754	2.376001596	0.002265686	0.000937525	0.329618245	0.000000000	0.000000000
1.206829429	1.749265909	2.350532055	2.362563610	0.002343813	0.003125084	0.332821459	0.000000000
1.059012890	2.000053883	0.000000000	2.162480116	2.290374279	0.002187559	0.001250034	0.333680868
0.000000000	1.067059994	1.561292052	1.940442920	2.494207859	0.000000000	2.508426905	2.262482882
2.225216150	2.239513397	0.002031305	0.005078262	0.546499074	0.000000000	1.739734411	2.372329473
0.000000000	2.443346977	2.441784620	0.002187559	0.004218864	0.327430695	0.000000000	0.000000000
1.215579629	1.761219263	2.344516277	2.368891954	0.002265686	0.001640669	0.332274586	0.000000000
1.057294130	1.994741201	0.000000000	2.161464453	2.288889885	0.002109432	0.007578329	0.334227741
0.000000000	1.070966363	1.565979719	1.944427371	2.500067234	0.000000000	2.512802124	2.262639046
2.225450516	2.240685225	0.002109432	0.006250168	0.549858570	0.000000000	1.378474593	2.209200144
0.000000000	2.347719431	2.385376692	0.002109432	0.002500067	0.327977568	0.000000000	0.000000000
1.195579052	1.742781281	2.326625109	2.352094650	0.002187559	0.000468763	0.331805825	0.000000000
1.061747313	2.009038448	0.000000000	2.169198990	2.293108702	0.002031305	0.003984482	0.332196444
0.000000000	1.067997456	1.561917067	1.946380496	2.500848532	0.000000000	2.511317730	2.262873411
2.226622581	2.240685225	0.002187559	0.006250168	0.547827244	0.000000000	1.384724736	2.162323952
0.000000000	2.333422184	2.380845308	0.002265686	0.005781406	0.329852641	0.000000000	0.000000000
1.201673031	1.738953114	2.342016220	2.359360456	0.002265686	0.007734583	0.331649542	0.000000000
1.056747198	2.013101101	0.000000000	2.166074038	2.293655634	0.002031305	0.004531372	0.333680868
0.000000000	1.068153739	1.561526418	1.943567991	2.500067234	0.000000000	2.511552095	2.263889074
2.226778746	2.239982128	0.002109432	0.005547024	0.549936712	0.000000000	1.381677866	2.162401915
0.000000000	2.320374966	2.370845079	0.000000000	0.027031979	0.334071487	0.000000000	0.000000000
1.197454095	1.737078071	2.318500042	2.344672441	0.002187559	0.000859398	0.332821459	0.000000000
1.059872270	2.015210629	0.000000000	2.172324181	2.293967962	0.002109432	0.004843880	0.331649542
0.000000000	1.067528725	1.564495206	1.942786694	2.497411013	0.000000000	2.510536432	2.261076450
2.224825621	2.239357233	0.001953178	0.004922008	0.549233556	0.000000000	1.378708959	2.156386137
0.000000000	2.314671755	2.367720127	0.002265686	0.000468763	0.328211963	0.000000000	0.000000000
1.291675448	1.795829654	2.390455008	2.385611057	0.002343813	0.002734449	0.333055854	0.000000000
1.071200728	2.019038677	0.000000000	2.172871113	2.301155806	0.002187559	0.004218864	0.333680868
0.000000000	1.065731883	1.564807773	1.946224332	2.500536203	0.000000000	2.515536547	2.265529871
2.228653669	2.241544724	0.002109432	0.007109567	0.545874059	0.000000000	1.375037074	2.145682812
0.000000000	2.313265324	2.444987774	0.002031305	0.007422075	0.555639982	0.000000000	0.000000000
1.353552103	1.833408713	2.408580542	2.406080484	0.002265686	0.007578329	0.334305882	0.000000000
1.082607269	2.029273510	0.000000000	2.182714939	2.308265209	0.002109432	0.003515720	0.333290219
0.000000000	1.068310022	1.566682816	1.947786808	2.502332926	0.000000000	2.516630173	2.263576508
2.227169275	2.240450859	0.002109432	0.006015787	0.544155300	0.000000000	1.370583773	2.145448446
0.000000000	2.314124823	2.367876291	0.002187559	0.000625017	0.329774499	0.000000000	0.000000000
1.192375898	1.907707572	2.427643538	2.434753180	0.001953178	0.005000134	0.334852755	0.000000000
1.061825514	2.007554054	0.000000000	2.176386833	2.309515238	0.001953178	0.004765753	0.336571574
0.000000000	1.071357012	1.566135883	1.947865009	2.502489328	0.000000000	2.516630173	2.265451670
2.227950573	2.242404222	0.001953178	0.000156254	0.547280371	0.000000000	1.375115156	2.145214081
0.000000000	2.307093382	2.363735437	0.002187559	0.004296991	0.330712020	0.000000000	0.000000000
1.199797988	1.823017836	2.411705494	2.398423910	0.001953178	0.007734583	0.333524615	0.000000000
1.060575485	2.002163410	0.000000000	2.166777134	2.297561884	0.002187559	0.000625017	0.333212107
0.000000000	1.072919488	1.568792224	1.946849346	2.484129429	0.000000000	2.502411127	2.257951498
2.223731756	2.238732100	0.001953178	0.004296991	0.550717950	0.000000000	1.384177923	2.157401800
0.000000000	2.314671755	2.370220184	0.002109432	0.002968830	0.331805825	0.000000000	0.000000000
1.207298160	1.745750189	2.368501186	2.372720242	0.002187559	0.005468897	0.332508951	0.000000000
1.060262918	2.006929159	0.000000000	2.161151886	2.294436693	0.002031305	0.005312643	0.338134110
0.000000000	1.074560165	1.565745234	1.945911765	2.484363794	0.000000000	2.503426790	2.258420229
2.223653555	2.239279032	0.002031305	0.004843880	0.550092936	0.000000000	1.380193472	2.156229973
0.000000000	2.315921783	2.366782427	0.002109432	0.007343948	0.330712020	0.000000000	0.000000000
1.196594715	1.736531138	2.326390743	2.349672556	0.001875050	0.005859533	0.335946560	0.000000000
1.064247370	2.009194851	0.000000000	2.167245865	2.291077375	0.002187559	0.001953178	0.336493433
0.000000000	1.074091434	1.570667267	1.946302414	2.503504992	0.000000000	2.517099142	2.264357805
2.226153612	2.241075993	0.002031305	0.006640804	0.548530400	0.000000000	1.374021411	2.153886080
0.000000000	2.316234350	2.367173195	0.002031305	0.007734583	0.328368217	0.000000000	0.000000000
1.190969586	1.736140490	2.335844040	2.355297804	0.002187559	0.003671974	0.333680868	0.000000000
1.159562469	2.069274426	0.000000000	2.198887348	2.314906120	0.002109432	0.002343813	0.335243404
0.000000000	1.084716678	1.580276966	1.960912228	2.500770569	0.000000000	2.512411356	2.263498545
2.225763083	2.240685225	0.001875050	0.006250168	0.549077272	0.000000000	1.377849579	2.155448675
0.000000000	2.314671755	2.402877092	0.001796923	0.004375118	0.329774499	0.000000000	0.000000000
1.199172974	1.741531253	2.349203825	2.365454435	0.002109432	0.006015787	0.331258923	0.000000000
1.200501084	2.091071844	0.000000000	2.211231470	2.322640657	0.002109432	0.002265686	0.333758980
0.000000000	1.067294359	1.576683044	1.958724618	2.489363909	0.000000000	2.507879972	2.260607719
2.223575592	2.237872839	0.002109432	0.003437593	0.551342964	0.000000000	1.379958987	2.159120560
0.000000000	2.317640543	2.367954493	0.002031305	0.000703144	0.331962079	0.000000000	0.000000000
1.194719672	1.735124826	2.321624994	2.346547604	0.002109432	0.002734449	0.333446473	0.000000000
1.066200614	2.019038677	0.000000000	2.195918560	2.311780930	0.002109432	0.007031439	0.334462136
0.000000000	1.068935037	1.563089013	1.955208898	2.506317616	0.000000000	2.531708717	2.276545763
2.238029003	2.248810530	0.001953178	0.006562677	0.544311523	0.000000000	1.374490142	2.148573399
0.000000000	2.311156034	2.364907503	0.002265686	0.005468897	0.329461992	0.000000000	0.000000000
1.203704238	1.745671988	2.361313581	2.367016792	0.002187559	0.007578329	0.331415176	0.000000000
1.058700442	2.008335352	0.000000000	2.207871914	2.323890686	0.002187559	0.003515720	0.333133966
0.000000000	1.069794416	1.564573407	1.950599432	2.504442453	0.000000000	2.515692711	2.265139103
2.227560043	2.240763426	0.002187559	0.006328295	0.549702287	0.000000000	1.382146597	2.161933184
0.000000000	2.318968773	2.368813753	0.002343813	0.001562542	0.327586949	0.000000000	0.000000000
1.190657020	1.734812379	2.328187704	2.351078987	0.002265686	0.007265821	0.332196444	0.000000000
1.055731535	1.998100638	0.000000000	2.160448790	2.310687304	0.001875050	0.005937660	0.337118447
0.000000000	1.071903825	1.564104676	1.939427257	2.480222940	0.000000000	2.502098560	2.256545067
2.222872257	2.238966465	0.002109432	0.004531372	0.548530400	0.000000000	1.376365185	2.154511213
0.000000000	2.313187361	2.367016792	0.002187559	0.007578329	0.328524470	0.000000000	0.000000000
1.693248749	2.032554626	2.517255306	2.460300684	0.002109432	0.007109567	0.333446473	0.000000000
1.131827354	2.032554626	0.000000000	2.199590445	2.322171926	0.001640669	0.001796923	0.335868418
0.000000000	1.066903710	1.572151661	1.947708726	2.503036261	0.000000000	2.521239758	2.266545296
2.229357004	2.242013454	0.002109432	0.007578329	0.549780428	0.000000000	1.376990199	2.158026934
0.000000000	2.318265438	2.363579273	0.002265686	0.004140737	0.330790162	0.000000000	0.000000000
1.196047783	1.739578128	2.331078291	2.354438305	0.002109432	0.002812576	0.334618390	0.000000000
1.059794188	2.010679245	0.000000000	2.167792797	2.367094994	0.000000000	0.023281878	0.346337438
0.000000000	1.088935614	1.575511217	1.952474475	2.505848646	0.000000000	2.521474123	2.267014265
2.230216265	2.245138645	0.002031305	0.002890703	0.547905385	0.000000000	1.377380848	2.148807764
0.000000000	2.312952995	2.365063667	0.002187559	0.005625152	0.329930753	0.000000000	0.000000000
1.190188289	1.731921673	2.321624994	2.347719431	0.002187559	0.003906355	0.332977712	0.000000000
1.058387876	2.014429331	0.000000000	2.170761585	2.295999289	0.002109432	0.006875185	0.334774643
0.000000000	1.211751342	1.650435090	1.993491173	2.517958403	0.000000000	2.523661613	2.269592285
2.249670029	2.265686035	0.002109432	0.000000000	0.553530514	0.000000000	1.381365299	2.144354582
0.000000000	2.308030844	2.362954378	0.002031305	0.003515720	0.327899456	0.000000000	0.000000000
1.190891504	1.733952999	2.328500271	2.349750757	0.002187559	0.005937660	0.332821459	0.000000000
1.065575600	2.017554283	0.000000000	2.172089815	2.295452356	0.002109432	0.006328295	0.335712165
0.000000000	1.073466420	1.620746732	1.986069083	2.530927420	0.000000000	2.532021284	2.272092342
2.233028889	2.244044781	0.002031305	0.001796923	0.557671249	0.000000000	1.385427952	2.162558317
0.000000000	2.319046736	2.370298147	0.002265686	0.003046957	0.329149485	0.000000000	0.000000000
1.189641356	1.735671759	2.318187475	2.344750643	0.002109432	0.000937525	0.332587093	0.000000000
1.060809851	2.012163639	0.000000000	2.170292854	2.294983625	0.002031305	0.005859533	0.335243404
0.000000000	1.070810080	1.563635826	1.942161679	2.523583651	0.000000000	2.526865005	2.270920515
2.232403755	2.243966579	0.002031305	0.001718796	0.556655645	0.000000000	1.385115385	2.163495779
0.000000000	2.319750071	2.370845079	0.002187559	0.003593847	0.331337035	0.000000000	0.000000000
1.188391328	1.729030967	2.317015409	2.343500614	0.002109432	0.007500202	0.333524615	0.000000000
1.061591148	2.004819632	0.000000000	2.163027048	2.296546221	0.002109432	0.007422075	0.333915234
0.000000000	1.074950814	1.568245411	1.949818134	2.503817320	0.000000000	2.516786575	2.278889418
2.238732100	2.248497963	0.002109432	0.006250168	0.546499074	0.000000000	1.375896454	2.154667377
0.000000000	2.315218687	2.369360685	0.002031305	0.002109432	0.330087006	0.000000000	0.000000000
1.201751113	1.743953228	2.350063324	2.362094879	0.002109432	0.002656322	0.333993375	0.000000000
1.060966015	2.018960714	0.000000000	2.170839787	2.296155691	0.002265686	0.007031439	0.333993375
0.000000000	1.070263147	1.564339042	1.946536779	2.505301952	0.000000000	2.517255306	2.275373697
2.237404108	2.247873068	0.002109432	0.005625152	0.548686624	0.000000000	1.380974650	2.148417234
0.000000000	2.311312199	2.366470098	0.002109432	0.007031439	0.331805825	0.000000000	0.000000000
1.193313360	1.738171816	2.348500729	2.360844851	0.002109432	0.001406288	0.332977712	0.000000000
1.058700442	2.010757208	0.000000000	2.168105364	2.294046164	0.002187559	0.004922008	0.336180925
0.000000000	1.072919488	1.565979719	1.944661736	2.500301600	0.000000000	2.513270855	2.261701584
2.227403641	2.259201527	0.001953178	0.001328161	0.546967864	0.000000000	1.376599550	2.149823427
0.000000000	2.310609102	2.367563725	0.002187559	0.000312508	0.329696387	0.000000000	0.000000000
1.203548074	1.743406296	2.351625919	2.362641811	0.002187559	0.003203211	0.335243404	0.000000000
1.061512947	2.015444994	0.000000000	2.170292854	2.295764923	0.002031305	0.006640804	0.333368361
0.000000000	1.069560051	1.567229748	1.946771145	2.502801895	0.000000000	2.515302181	2.264201641
2.226544380	2.241154194	0.000000000	0.053595193	0.556186855	0.000000000	1.387224913	2.164355278
0.000000000	2.321156263	2.370454550	0.002109432	0.003203211	0.328993231	0.000000000	0.000000000
1.189953923	1.735124826	2.318968773	2.345219374	0.002187559	0.001406288	0.332430840	0.000000000
1.060966015	2.014429331	0.000000000	2.167714596	2.293577433	0.002187559	0.004453245	0.335555911
0.000000000	1.071278811	1.565042138	1.944349289	2.497176647	0.000000000	2.512645721	2.332719088
2.272561312	2.268420458	0.001406288	0.002734449	0.556733727	0.000000000	1.388084292	2.146151543
0.000000000	2.317484379	2.371313810	0.002265686	0.004062609	0.328524470	0.000000000	0.000000000
1.201438546	1.740124941	2.345610142	2.360219717	0.002187559	0.000781271	0.331962079	0.000000000
1.056200266	1.990131736	0.000000000	2.155683041	2.287014723	0.002031305	0.005703279	0.332899600
0.000000000	1.066747427	1.561135769	1.943411708	2.500223637	0.000000000	2.509755135	2.261935949
2.225294352	2.239435196	0.000000000	0.051876396	0.686971605	0.000000000	1.489805698	2.223575592
0.000000000	2.356313467	2.392955065	0.002187559	0.002265686	0.330633909	0.000000000	0.000000000
1.216439009	1.752234697	2.347172499	2.363344908	0.002031305	0.003906355	0.334852755	0.000000000
1.060653567	2.008725882	0.000000000	2.164901972	2.293421030	0.002031305	0.004296991	0.334383994
0.000000000	1.712311745	1.944036722	2.156776905	2.606007576	0.000000000	2.574366093	2.300218105
2.339203596	2.356000900	0.002109432	0.004375118	0.707753420	0.000000000	1.495977759	2.209747076
0.000000000	2.340531826	2.386392355	0.002109432	0.003515720	0.330868274	0.000000000	0.000000000
1.219407797	1.752703428	2.349516392	2.363657475	0.002109432	0.004218864	0.333446473	0.000000000
1.061591148	2.011382341	0.000000000	2.165683270	2.294749260	0.002187559	0.005625152	0.337665349
0.000000000	1.073075771	1.567151546	1.948021173	2.488973379	0.000000000	2.503426790	2.259670258
2.223575592	2.239591599	0.002031305	0.005156389	0.549936712	0.000000000	1.385584235	2.219981670
0.000000000	2.353969574	2.389829874	0.002187559	0.006953312	0.327586949	0.000000000	0.000000000
1.196829081	1.745046973	2.349438190	2.364829302	0.002187559	0.005390770	0.336259067	0.000000000
1.062606692	2.016929388	0.000000000	2.170917749	2.296468019	0.002109432	0.007343948	0.335009009
0.000000000	1.073778868	1.567229748	1.947239995	2.504676819	0.000000000	2.516864538	2.263889074
2.228653669	2.241700888	0.002031305	0.007265821	0.547124088	0.000000000	1.376287103	2.153808117
0.000000000	2.411471128	2.426862240	0.002109432	0.004922008	0.330555767	0.000000000	0.000000000
1.207532525	1.745359540	2.345766306	2.367173195	0.002109432	0.007734583	0.334071487	0.000000000
1.062684894	2.010132313	0.000000000	2.167245865	2.293577433	0.002031305	0.004453245	0.335399657
0.000000000	1.076904058	1.568557858	1.944896102	2.502098560	0.000000000	2.515927076	2.263810873
2.227560043	2.242247820	0.001953178	0.000000000	0.546655357	0.000000000	1.376990199	2.159276962
0.000000000	2.318031073	2.386079788	0.002109432	0.003203211	0.330008894	0.000000000	0.000000000
1.205266833	1.742156267	2.347875834	2.360766649	0.002031305	0.001328161	0.334383994	0.000000000
1.060966015	2.019663811	0.000000000	2.171230316	2.296624422	0.002109432	0.007500202	0.334149629
0.000000000	1.069403768	1.564339042	1.949661851	2.505926847	0.000000000	2.517802238	2.265217304
2.228263140	2.242013454	0.002031305	0.007578329	0.547827244	0.000000000	1.377537131	2.153964281
0.000000000	2.316077948	2.366470098	0.000000000	0.022656860	0.339462280	0.000000000	0.000000000
1.214017034	1.748562694	2.345922470	2.361469746	0.002031305	0.002031305	0.333602726	0.000000000
1.061278582	2.003647804	0.000000000	2.164042711	2.292639971	0.002031305	0.003515720	0.334462136
0.000000000	1.073700786	1.566370249	1.943021059	2.501239300	0.000000000	2.514364481	2.263264179
2.227716208	2.241154194	0.002031305	0.006718931	0.546499074	0.000000000	1.376833916	2.155683041
0.000000000	2.316234350	2.367641926	0.002109432	0.000390636	0.327977568	0.000000000	0.000000000
1.304410100	1.804814219	2.388814449	2.385767460	0.002187559	0.002890703	0.333055854	0.000000000
1.081591606	2.015444994	0.000000000	2.170058489	2.300374508	0.002109432	0.003437593	0.334930897
0.000000000	1.072763324	1.569651604	1.950521231	2.497332811	0.000000000	2.510692596	2.262951612
2.226466179	2.237950802	0.001953178	0.003515720	0.547671020	0.000000000	1.378005862	2.145761013
0.000000000	2.310921669	2.362719774	0.002187559	0.003281338	0.329227626	0.000000000	0.000000000
1.191828966	1.782626152	2.366548061	2.373032570	0.002187559	0.005781406	0.332977712	0.000000000
1.058387876	2.000210047	0.000000000	2.165683270	2.295764923	0.002109432	0.006640804	0.335087150
0.000000000	1.070966363	1.563948393	1.942239761	2.488895178	0.000000000	2.508739471	2.259670258
2.225528717	2.240216494	0.002109432	0.005781406	0.550092936	0.000000000	1.378240228	2.161073923
0.000000000	2.318812370	2.368735552	0.002265686	0.001484415	0.331962079	0.000000000	0.000000000
1.194641590	1.735124826	2.324593782	2.388267517	0.002109432	0.005390770	0.332352698	0.000000000
1.059872270	2.009585381	0.000000000	2.168105364	2.296702385	0.002109432	0.007578329	0.334696501
0.000000000	1.072763324	1.565510869	1.945364833	2.500536203	0.000000000	2.513114452	2.263029575
2.226153612	2.241466522	0.002031305	0.007031439	0.546108484	0.000000000	1.372849464	2.131463766
0.000000000	2.303343296	2.361704111	0.002187559	0.002265686	0.329305738	0.000000000	0.000000000
1.193704009	1.735281110	2.351391554	2.359907389	0.001796923	0.000468763	0.332977712	0.000000000
1.061825514	2.017398119	0.000000000	2.170761585	2.296390057	0.002109432	0.007265821	0.335477799
0.000000000	1.071513176	1.563245177	1.943489790	2.499598503	0.000000000	2.511786461	2.263576508
2.226310015	2.239904165	0.002109432	0.005468897	0.549233556	0.000000000	1.380193472	2.162714481
0.000000000	2.394830227	2.421080828	0.002187559	0.006953312	0.335087150	0.000000000	0.000000000
1.208079457	1.758250475	2.364204407	2.377173424	0.000000000	0.033360273	0.350400060	0.000000000
1.076279044	2.016304255	0.000000000	2.168574095	2.296546221	0.002265686	0.007422075	0.335243404
0.000000000	1.075497746	1.568635941	1.950521231	2.498661041	0.000000000	2.514677048	2.265607834
2.227091312	2.240997791	0.002187559	0.006562677	0.550171077	0.000000000	1.379177809	2.165605307
0.000000000	2.324046850	2.407564878	0.002187559	0.001250034	0.327352554	0.000000000	0.000000000
1.194250941	1.737624884	2.353032112	2.369516850	0.002109432	0.002265686	0.542045832	0.000000000
1.202454209	2.084196806	0.000000000	2.208731413	2.317406178	0.002187559	0.004843880	0.333837122
0.000000000	1.086904287	1.586136460	1.963959098	2.511864424	0.000000000	2.519520998	2.266076565
2.226778746	2.241857290	0.002109432	0.007422075	0.550952315	0.000000000	1.379646540	2.157558203
0.000000000	2.317327976	2.366938829	0.002265686	0.007500202	0.329149485	0.000000000	0.000000000
1.190422654	1.732624769	2.319124937	2.346156836	0.002031305	0.002343813	0.330790162	0.000000000
1.057450294	2.061696053	0.000000000	2.195371628	2.309906006	0.002265686	0.005156389	0.332587093
0.000000000	1.066747427	1.569573522	1.959271550	2.509286404	0.000000000	2.519755363	2.266779900
2.227247477	2.237794638	0.002109432	0.003359465	0.548139751	0.000000000	1.379958987	2.158183098
0.000000000	2.317327976	2.368891954	0.002265686	0.001640669	0.327274442	0.000000000	0.000000000
1.186906934	1.733015418	2.328031540	2.350219488	0.002187559	0.006406423	0.331102669	0.000000000
1.057137847	1.997397542	0.000000000	2.231622696	2.336547375	0.002109432	0.000546890	0.332977712
0.000000000	1.069013119	1.562073350	1.945521116	2.500770569	0.000000000	2.515223980	2.264279842
2.226856947	2.240216494	0.002031305	0.005781406	0.546186566	0.000000000	1.375427723	2.529052496
0.000000000	2.532958746	2.494754791	0.002187559	0.002500067	0.328368217	0.000000000	0.000000000
1.269721746	1.803954840	2.365844965	2.387720585	0.002265686	0.004843880	0.330946416	0.000000000
1.055497169	2.000835180	0.000000000	2.206231356	2.319046736	0.001953178	0.006484549	0.334696501
0.000000000	1.070810080	1.563557744	1.944739819	2.496239185	0.000000000	2.511630058	2.262482882
2.225997448	2.241075993	0.002109432	0.006640804	0.550405443	0.000000000	1.380349636	2.158573866
0.000000000	2.316781044	2.420690298	0.001484415	0.006562677	0.333524615	0.000000000	0.000000000
1.207844973	1.745671988	2.329984665	2.350453854	0.002187559	0.006640804	0.333055854	0.000000000
1.066434979	2.010054111	0.000000000	2.183730602	2.306155920	0.002031305	0.001406288	0.333993375
0.000000000	1.074872732	1.571136117	1.949349403	2.500536203	0.000000000	2.512645721	2.264670372
2.226778746	2.242091656	0.002109432	0.007656456	0.548686624	0.000000000	1.376755834	2.141073227
0.000000000	2.308577776	2.362797976	0.002109432	0.003359465	0.331337035	0.000000000	0.000000000
1.194329023	1.737390518	2.331937790	2.351625919	0.002109432	0.000000000	0.336493433	0.000000000
1.063309908	2.017241716	0.000000000	2.170761585	2.296858788	0.001718796	0.007734583	0.337665349
0.000000000	1.075263381	1.567073464	1.946771145	2.499598503	0.000000000	2.514208317	2.264436007
2.226466179	2.241466522	0.002109432	0.007031439	0.546811581	0.000000000	1.376677752	2.151698589
0.000000000	2.312640429	2.362797976	0.002109432	0.003359465	0.328524470	0.000000000	0.000000000
1.197063446	1.736687422	2.337484837	2.353891611	0.002187559	0.002265686	0.332196444	0.000000000
1.063544273	2.000444412	0.000000000	2.259514093	2.353579044	0.000000000	0.009765888	0.342352957
0.000000000	1.081122875	1.572698593	1.960990310	2.501942396	0.000000000	2.526708603	2.275686264
2.237950802	2.248576164	0.002109432	0.006328295	0.550092936	0.000000000	1.377146482	2.154901743
0.000000000	2.315453053	2.369204521	0.002031305	0.001953178	0.329305738	0.000000000	0.000000000
1.202376127	1.744265676	2.350141525	2.361313581	0.002031305	0.001875050	0.333524615	0.000000000
1.062216163	2.016382456	0.000000000	2.169824123	2.295843124	0.002187559	0.006718931	0.511732519
0.000000000	1.194875956	1.641997337	1.988647342	2.511239529	0.000000000	2.519989729	2.266623497
2.245529175	2.262326479	0.002109432	0.004453245	0.551577330	0.000000000	1.380818486	2.157636166
0.000000000	2.316234350	2.367485523	0.002187559	0.000234381	0.329149485	0.000000000	0.000000000
1.191047668	1.737468719	2.332719088	2.353422642	0.002031305	0.001796923	0.333368361	0.000000000
1.061278582	2.011694908	0.000000000	2.170449018	2.295452356	0.002031305	0.006328295	0.333993375
0.000000000	1.069247603	1.635825276	1.984194040	2.521083593	0.000000000	2.524677277	2.270451784
2.231075764	2.253498077	0.002031305	0.003437593	0.551967978	0.000000000	1.379412174	2.147948503
0.000000000	2.314984322	2.365141869	0.002187559	0.005703279	0.329852641	0.000000000	0.000000000
1.192141533	1.731765389	2.315531015	2.344047546	0.002109432	0.000234381	0.333915234	0.000000000
1.063075542	2.013882399	0.000000000	2.168105364	2.293343067	0.002109432	0.004218864	0.337899715
0.000000000	1.077841520	1.568635941	1.977396965	2.514052153	0.000000000	2.522177219	2.267326593
2.229747534	2.243185520	0.002031305	0.000937525	0.551186740	0.000000000	1.381521583	2.160761356
0.000000000	2.319906235	2.369204521	0.002109432	0.001953178	0.329930753	0.000000000	0.000000000
1.190657020	1.733718514	2.319984436	2.347953796	0.002265686	0.004140737	0.332587093	0.000000000
1.059012890	2.012085438	0.000000000	2.170761585	2.292093039	0.002109432	0.002968830	0.334462136
0.000000000	1.070263147	1.564573407	1.945521116	2.506942511	0.000000000	2.518739700	2.265998602
2.229122639	2.241388559	0.002031305	0.006953312	0.547671020	0.000000000	1.379333973	2.159511328
0.000000000	2.316781044	2.369282484	0.002109432	0.002031305	0.329618245	0.000000000	0.000000000
1.197688460	1.738953114	2.338109732	2.356079102	0.002187559	0.004453245	0.332743347	0.000000000
1.059794188	2.008257151	0.000000000	2.163417578	2.292952299	0.002031305	0.003828228	0.333758980
0.000000000	1.070966363	1.564260840	1.944974303	2.489989042	0.000000000	2.507645607	2.279827118
2.240607262	2.248888731	0.001953178	0.006640804	0.550092936	0.000000000	1.379568458	2.157089233
0.000000000	2.317171812	2.367641926	0.002109432	0.000390636	0.330633909	0.000000000	0.000000000
1.194719672	1.735515475	2.324515820	2.350219488	0.002031305	0.006406423	0.333993375	0.000000000
1.065575600	2.019195080	0.000000000	2.172402143	2.294593096	0.002109432	0.005468897	0.332587093
0.000000000	1.072997689	1.565510869	1.947865009	2.503661156	0.000000000	2.517255306	2.264436007
2.228106976	2.256545067	0.002031305	0.006484549	0.550249219	0.000000000	1.378162146	2.161151886
0.000000000	2.320140600	2.371860743	0.002187559	0.004609499	0.328524470	0.000000000	0.000000000
1.187375784	1.731999755	2.320062399	2.346469402	0.002187559	0.002656322	0.334696501	0.000000000
1.064169288	2.018413782	0.000000000	2.170449018	2.294202328	0.002031305	0.005078262	0.336884081
0.000000000	1.070263147	1.564104676	1.944974303	2.500301600	0.000000000	2.515849113	2.263420343
2.228653669	2.241544724	0.001093779	0.007109567	0.550561726	0.000000000	1.380427837	2.152401686
0.000000000	2.309827805	2.365376234	0.002187559	0.005937660	0.329540133	0.000000000	0.000000000
1.197454095	1.738015532	2.331156492	2.349985123	0.002109432	0.006172041	0.331493288	0.000000000
1.054090858	2.196231127	0.000000000	2.286780357	2.364516735	0.002031305	0.005078262	0.336102813
0.000000000	1.604652643	1.890441537	2.145604610	2.604445219	0.000000000	2.579131842	2.300843239
2.324203253	2.355376005	0.001953178	0.003750101	0.565562129	0.000000000	1.392146826	2.155604839
0.000000000	2.311156034	2.369204521	0.002031305	0.001953178	0.329696387	0.000000000	0.000000000
1.205657482	1.737234235	2.320609331	2.345375776	0.002031305	0.001562542	0.333133966	0.000000000
1.059559822	2.006147861	0.000000000	2.162323952	2.291233540	0.002031305	0.002109432	0.334305882
0.000000000	1.074794531	1.567229748	1.948568106	2.490848303	0.000000000	2.507723808	2.261154652
2.224903584	2.239982128	0.000000000	0.052423287	0.556030571	0.000000000	1.386365414	2.142791986
0.000000000	2.307718515	2.363969803	0.002187559	0.004531372	0.330555767	0.000000000	0.000000000
1.210579515	1.747703314	2.354125977	2.362485409	0.002109432	0.003046957	0.332196444	0.000000000
1.060575485	2.017632484	0.000000000	2.168808460	2.297171354	0.002109432	0.000234381	0.332743347
0.000000000	1.069638133	1.562776446	1.947786808	2.509676933	0.000000000	2.519833565	2.265607834
2.228888035	2.241466522	0.002031305	0.007031439	0.551733613	0.000000000	1.477852345	2.223653555
0.000000000	2.353500843	2.391392469	0.002187559	0.000703144	0.329852641	0.000000000	0.000000000
1.205110550	1.745906353	2.337016106	2.356313467	0.002187559	0.004687626	0.333055854	0.000000000
1.059794188	2.006616592	0.000000000	2.162167549	2.293889999	0.001953178	0.004765753	0.334540248
0.000000000	1.070185065	1.566604733	1.947005510	2.490692139	0.000000000	2.508661270	2.261545181
2.224825621	2.240138531	0.002031305	0.005703279	0.549624205	0.000000000	1.376599550	2.141385794
0.000000000	2.326703310	2.376860857	0.002031305	0.001796923	0.329696387	0.000000000	0.000000000
1.192375898	1.740515590	2.333890915	2.351313353	0.002187559	0.007500202	0.331883937	0.000000000
1.066044331	2.012944937	0.000000000	2.170371056	2.294827461	0.002187559	0.005703279	0.332899600
0.000000000	1.070731997	1.564885855	1.950443149	2.503661156	0.000000000	2.514599085	2.263967276
2.226544380	2.240763426	0.002109432	0.006328295	0.548764765	0.000000000	1.382771611	2.146229744
0.000000000	2.310296535	2.378736019	0.002031305	0.003671974	0.331727684	0.000000000	0.000000000
1.206829429	1.746453285	2.351860285	2.362954378	0.002187559	0.003515720	0.331805825	0.000000000
1.058856606	2.010444880	0.000000000	2.164901972	2.294905663	0.002109432	0.005781406	0.336493433
0.000000000	1.073622704	1.566135883	1.945677400	2.488816977	0.000000000	2.505848646	2.260607719
2.224278688	2.239591599	0.002109432	0.005156389	0.549077272	0.000000000	1.381052852	2.158261299
0.000000000	2.317874908	2.370220184	0.002187559	0.002968830	0.335868418	0.000000000	0.000000000
1.200344801	1.738484263	2.325531483	2.348735094	0.002187559	0.004922008	0.333680868	0.000000000
1.499337196	2.282327175	0.000000000	2.323578119	2.383189201	0.002265686	0.000312508	0.334149629
0.000000000	1.077138424	1.610277772	1.993725538	2.526708603	0.000000000	2.534208775	2.274592400
2.232638359	2.241544724	0.002109432	0.007109567	0.555093050	0.000000000	1.379958987	2.153495550
0.000000000	2.315374851	2.366860628	0.002109432	0.007422075	0.426652104	0.000000000	0.000000000
1.273862481	1.785048127	2.382329702	2.382329702	0.002265686	0.007265821	0.331805825	0.000000000
1.069403768	2.016695023	0.000000000	2.169745922	2.300374508	0.002187559	0.003437593	0.333524615
0.000000000	1.064091206	1.560198307	2.101775408	2.591241598	0.000000000	2.567803621	2.293264866
2.244747877	2.251701355	0.002031305	0.001640669	0.563062012	0.000000000	1.399022102	2.163573980
0.000000000	2.320921898	2.372016907	0.002187559	0.004765753	0.330790162	0.000000000	0.000000000
1.320191860	1.820127130	2.381783009	2.419362068	0.001562542	0.005234516	0.335790306	0.000000000
1.064247370	2.012163639	0.000000000	2.173808575	2.305218220	0.001796923	0.000468763	0.337196589
0.000000000	1.071357012	1.564339042	1.945208669	2.483660698	0.000000000	2.506629944	2.260295153
2.224200487	2.239747763	0.002109432	0.005312643	0.549936712	0.000000000	1.374646425	2.146073341
0.000000000	2.312406063	2.364282370	0.002187559	0.004843880	0.328133851	0.000000000	0.000000000
1.351520777	1.844190240	2.395845890	2.390767574	0.002031305	0.000078127	0.331180781	0.000000000
1.057762861	2.001382113	0.000000000	2.169824123	2.297171354	0.002031305	0.000234381	0.332977712
0.000000000	1.066747427	1.563010812	1.943646073	2.499520540	0.000000000	2.512567759	2.263420343
2.226075649	2.240529060	0.002109432	0.006093914	0.549858570	0.000000000	1.376052737	2.142401457
0.000000000	2.308499575	2.363735437	0.002265686	0.004296991	0.328915119	0.000000000	0.000000000
1.192766547	1.737859249	2.398736477	2.391314507	0.002265686	0.000625017	0.333993375	0.000000000
1.062216163	2.009351015	0.000000000	2.168808460	2.298186779	0.002187559	0.001250034	0.332352698
0.000000000	1.066122413	1.561135769	1.945052385	2.501317263	0.000000000	2.512098789	2.262639046
2.225997448	2.239122868	0.002109432	0.004687626	0.544936538	0.000000000	1.380974650	2.158339262
0.000000000	2.316624880	2.367876291	0.002187559	0.000625017	0.331883937	0.000000000	0.000000000
1.190657020	1.736062407	2.345219374	2.422018290	0.001328161	0.000078127	0.336493433	0.000000000
1.062762976	2.012241602	0.000000000	2.167011499	2.295296192	0.002187559	0.006172041	0.332587093
0.000000000	1.066122413	1.561292052	1.945130467	2.501395464	0.000000000	2.512411356	2.263576508
2.228497505	2.240685225	0.002031305	0.006250168	0.548686624	0.000000000	1.380349636	2.159433126
0.000000000	2.366938829	2.405377388	0.002031305	0.006875185	0.328290105	0.000000000	0.000000000
1.202376127	1.742312551	2.340687990	2.358813524	0.001875050	0.007187693	0.331727684	0.000000000
1.062059879	2.012475967	0.000000000	2.166620731	2.293811798	0.002109432	0.004687626	0.333368361
0.000000000	1.074794531	1.566839099	1.948802471	2.503504992	0.000000000	2.515302181	2.264201641
2.227091312	2.241388559	0.002109432	0.006953312	0.546733499	0.000000000	1.376208901	2.150292397
0.000000000	2.312093496	2.365298033	0.002109432	0.005859533	0.329852641	0.000000000	0.000000000
1.196125984	1.735828042	2.329047203	2.349906921	0.002265686	0.006093914	0.440324366	0.000000000
1.141671419	2.058336735	0.000000000	2.195371628	2.308968544	0.002187559	0.004218864	0.334462136
0.000000000	1.079404116	1.574261189	1.952318192	2.497098446	0.000000000	2.510926962	2.263889074
2.226075649	2.239904165	0.002187559	0.005468897	0.547436595	0.000000000	1.375974536	2.154354811
0.000000000	2.314827919	2.367251158	0.002187559	0.000000000	0.327899456	0.000000000	0.000000000
1.186125636	1.732859135	2.327640772	2.349672556	0.002187559	0.005859533	0.331727684	0.000000000
1.059247255	2.083884239	0.000000000	2.207715750	2.319359303	0.002265686	0.006797058	0.333915234
0.000000000	1.074169517	1.574964285	1.957083941	2.501395464	0.000000000	2.517020941	2.265451670
2.228028774	2.240919828	0.002031305	0.006484549	0.549155414	0.000000000	1.376677752	2.159042597
0.000000000	2.318890572	2.368188858	0.002265686	0.000937525	0.327274442	0.000000000	0.000000000
1.186906934	1.732702971	2.328578234	2.350688219	0.002265686	0.006875185	0.332196444	0.000000000
1.062294245	1.999116302	0.000000000	2.161854982	2.312952995	0.002109432	0.000390636	0.333758980
0.000000000	1.072294474	1.565198421	1.944349289	2.500379801	0.000000000	2.513817787	2.263810873
2.227091312	2.240919828	0.002109432	0.006484549	0.547592878	0.000000000	1.380662203	2.158026934
0.000000000	2.317718744	2.367954493	0.002187559	0.000703144	0.328133851	0.000000000	0.000000000
1.187766314	1.734109163	2.325296879	2.349282026	0.002265686	0.005468897	0.331102669	0.000000000
1.058544159	1.999819517	0.000000000	2.162792683	2.290296078	0.000000000	0.024610037	0.354540795
0.000000000	1.091279387	1.580355048	1.951771259	2.500692368	0.000000000	2.512880087	2.263576508
2.228731871	2.242326021	0.002031305	0.000078127	0.546967864	0.000000000	1.375974536	2.151386023
0.000000000	2.313499689	2.366001129	0.002187559	0.006562677	0.327508807	0.000000000	0.000000000
1.187610149	1.733640432	2.342875481	2.357954025	0.002187559	0.006328295	0.334227741	0.000000000
1.059481621	2.004585266	0.000000000	2.163495779	2.293343067	0.002109432	0.004218864	0.768848836
0.000000000	1.360036612	1.737703085	2.039742470	2.545068502	0.000000000	2.540302753	2.279514551
2.275920630	2.292014837	0.001953178	0.002890703	0.556030571	0.000000000	1.381521583	2.139120102
0.000000000	2.302640200	2.362641811	0.002343813	0.003203211	0.331024528	0.000000000	0.000000000
1.199251056	1.741687536	2.355141640	2.361782312	0.002187559	0.002343813	0.331180781	0.000000000
1.057997227	2.006929159	0.000000000	2.160995722	2.294749260	0.002031305	0.005625152	0.332821459
0.000000000	1.146202683	1.619574904	1.983022213	2.526942968	0.000000000	2.525224209	2.266232967
2.227403641	2.248029232	0.002109432	0.005781406	0.551811755	0.000000000	1.377693295	2.137401342
0.000000000	2.308577776	2.364751101	0.002109432	0.005312643	0.327977568	0.000000000	0.000000000
1.188313246	1.734187365	2.328656435	2.350453854	0.002265686	0.006640804	0.330868274	0.000000000
1.057997227	1.999194503	0.000000000	2.162714481	2.289280415	0.002031305	0.000156254	0.333212107
0.000000000	1.068935037	1.563089013	1.995053768	2.532177687	0.000000000	2.530536890	2.272873640
2.231700659	2.243419886	0.002109432	0.001171907	0.551733613	0.000000000	1.379880905	2.153026819
0.000000000	2.315999985	2.366938829	0.002187559	0.007500202	0.327196300	0.000000000	0.000000000
1.186828852	1.731374741	2.322718859	2.346781969	0.002031305	0.002968830	0.332274586	0.000000000
1.063544273	1.997944474	0.000000000	2.161777020	2.289436579	0.002187559	0.000312508	0.332821459
0.000000000	1.071825743	1.565745234	1.948568106	2.502645493	0.000000000	2.518974066	2.265842199
2.229200602	2.241935492	0.002187559	0.007500202	0.548452258	0.000000000	1.377068281	2.158261299
0.000000000	2.316312313	2.368735552	0.002187559	0.001484415	0.327821314	0.000000000	0.000000000
1.198626041	1.740515590	2.342875481	2.357563496	0.002109432	0.005937660	0.334383994	0.000000000
1.059637904	2.009507179	0.000000000	2.163730145	2.294905663	0.002109432	0.005781406	0.334305882
0.000000000	1.069325686	1.562229514	1.945208669	2.501082897	0.000000000	2.514520884	2.313577890
2.260217190	2.389361143	0.001328161	0.006484549	0.549780428	0.000000000	1.382927895	2.164355278
0.000000000	2.320609331	2.372798204	0.002109432	0.005547024	0.329696387	0.000000000	0.000000000
1.199719787	1.744265676	2.356547832	2.366470098	0.002187559	0.007031439	0.334071487	0.000000000
1.060731649	2.014585495	0.000000000	2.167948961	2.296155691	0.002109432	0.007031439	0.334696501
0.000000000	1.070653796	1.564573407	1.942630410	2.484676361	0.000000000	2.498817205	2.282873869
2.242950916	2.254670143	0.002031305	0.004609499	0.549858570	0.000000000	1.378240228	2.153339148
0.000000000	2.317874908	2.422409058	0.001328161	0.000468763	0.337509096	0.000000000	0.000000000
1.211595178	1.746843934	2.339359760	2.357641697	0.002031305	0.006015787	0.333602726	0.000000000
1.063153625	2.005444527	0.000000000	2.163886309	2.293343067	0.002109432	0.004218864	0.334149629
0.000000000	1.072450757	1.568870425	1.946146131	2.497098446	0.000000000	2.512645721	2.261857748
2.243576050	2.251857519	0.001953178	0.001796923	0.548452258	0.000000000	1.374412060	2.142088890
0.000000000	2.309749603	2.364516735	0.002187559	0.005078262	0.331102669	0.000000000	0.000000000
1.198313475	1.734890461	2.318031073	2.344828844	0.002031305	0.001015652	0.336805940	0.000000000
1.064169288	2.014272928	0.000000000	2.168495893	2.295140028	0.002031305	0.006015787	0.335477799
0.000000000	1.069872618	1.564260840	1.947396159	2.499286175	0.000000000	2.513114452	2.263420343
2.228263140	2.266936064	0.001875050	0.001250034	0.547046006	0.000000000	1.376755834	2.143964052
0.000000000	2.307796478	2.363735437	0.002265686	0.004296991	0.329305738	0.000000000	0.000000000
1.198391676	1.737234235	2.337172270	2.354829073	0.002031305	0.003203211	0.332508951	0.000000000
1.057762861	2.009819746	0.000000000	2.166698933	2.292405367	0.002187559	0.003281338	0.334852755
0.000000000	1.070341349	1.565354705	1.942786694	2.498270512	0.000000000	2.514677048	2.262560844
2.226934910	2.240529060	0.002031305	0.006093914	0.573609173	0.000000000	1.401209593	2.150995493
0.000000000	2.314046621	2.367720127	0.002187559	0.000468763	0.328055710	0.000000000	0.000000000
1.194329023	1.740124941	2.337563038	2.354672670	0.002265686	0.003046957	0.331805825	0.000000000
1.062528610	2.010288477	0.000000000	2.164667606	2.293421030	0.002109432	0.004296991	0.332508951
0.000000000	1.068388104	1.561057687	1.944114804	2.499207973	0.000000000	2.511395693	2.262639046
2.225606918	2.239357233	0.002109432	0.004922008	0.550092936	0.000000000	1.479258537	2.222403526
0.000000000	2.354907274	2.390298843	0.002187559	0.007422075	0.327977568	0.000000000	0.000000000
1.195735335	1.742703199	2.339828730	2.359516621	0.002109432	0.000078127	0.331962079	0.000000000
1.056356549	2.002632141	0.000000000	2.159120560	2.292483568	0.002109432	0.003359465	0.335634053
0.000000000	1.070497632	1.565042138	1.946068048	2.499832869	0.000000000	2.514286518	2.261154652
2.224981785	2.238888502	0.002109432	0.004453245	0.546577215	0.000000000	1.372302532	2.163573980
0.000000000	2.323500156	2.374282598	0.002187559	0.007031439	0.330243260	0.000000000	0.000000000
1.201829195	1.741453171	2.347016335	2.359907389	0.002187559	0.000468763	0.333602726	0.000000000
1.060497284	2.008882284	0.000000000	2.163730145	2.290999174	0.002187559	0.001875050	0.332508951
0.000000000	1.071044445	1.566214085	1.945521116	2.499442339	0.000000000	2.512020826	2.262795210
2.226153612	2.240294695	0.002031305	0.005859533	0.547124088	0.000000000	1.376443267	2.139979601
0.000000000	2.308265209	2.375063896	0.002109432	0.000000000	0.332196444	0.000000000	0.000000000
1.213001370	1.744968891	2.351703882	2.362641811	0.002187559	0.003203211	0.332274586	0.000000000
1.059012890	2.004819632	0.000000000	2.163261414	2.293967962	0.001953178	0.004843880	0.335399657
0.000000000	1.071200728	1.563635826	1.943099260	2.486863852	0.000000000	2.506629944	2.261310816
2.224903584	2.238966465	0.002109432	0.004531372	0.550014794	0.000000000	1.379412174	2.166152000
0.000000000	2.323968887	2.371157646	0.002187559	0.003906355	0.337352842	0.000000000	0.000000000
1.199797988	1.737937450	2.319515705	2.346781969	0.002265686	0.002968830	0.330946416	0.000000000
1.058075428	2.003647804	0.000000000	2.161386251	2.290374279	0.002109432	0.001250034	0.335165262
0.000000000	1.068153739	1.563401461	1.945521116	2.498504877	0.000000000	2.513270855	2.263810873
2.225606918	2.240138531	0.002187559	0.005703279	0.546264708	0.000000000	1.376599550	2.153573513
0.000000000	2.315687418	2.366079330	0.002187559	0.006640804	0.329461992	0.000000000	0.000000000
1.254955649	1.778329134	2.553428173	2.484129429	0.002343813	0.007500202	0.340165406	0.000000000
1.061278582	1.994741201	0.000000000	2.194121599	2.320062399	0.002187559	0.007500202	0.387979209
0.000000000	1.196516633	1.644575596	1.986459732	2.516083479	0.000000000	2.525302410	2.269279957
2.247169971	2.262092113	0.001953178	0.004218864	0.551030457	0.000000000	1.380271554	2.158808231
0.000000000	2.316234350	2.369438887	0.002265686	0.002187559	0.997526884	