Current:	100uA
Nodes:		8
Cycles:		10
Elapsed time:	0.06867 seconds
Frequency:	145.62823 Hz

0.000000000	2.253967047	2.174199104	2.100447178	2.500848532	0.000000000	2.274827003	2.134979486
1.860206366	0.000000000	2.186387062	2.320843697	0.000000000	2.484910727	2.547412395	2.528349400
2.524677277	2.822966576	0.000000000	2.712963581	2.377173424	2.457409859	2.481004238	0.000000000
2.474129200	2.535068274	2.807497501	0.000000000	2.700463295	2.614445448	0.000000000	2.277483225
2.399986506	0.000000000	2.466238260	2.765152693	0.000000000	2.639055490	2.326781511	2.423346519
0.000000000	2.060524225	2.251466990	2.388189316	2.680541039	0.000000000	2.571709871	2.539677858
2.073337078	2.262717247	2.353813410	0.000000000	2.461863279	2.431081057	0.000000000	2.521474123
2.513114452	2.489989042	0.000000000	2.225997448	2.382876635	2.466160059	2.786168814	0.000000000
0.000000000	2.555381298	2.261467218	2.360923052	2.429752827	0.000000000	2.503973722	2.782340527
2.189199686	0.000000000	2.350219488	2.422955990	0.000000000	2.430612326	2.494442225	2.556943893
2.524208546	2.833357573	0.000000000	2.729526520	2.383736134	2.460925579	2.472722769	0.000000000
2.474597931	2.538740158	2.829529285	0.000000000	2.698197603	2.613117218	0.000000000	2.277717590
2.398736477	0.000000000	2.463113308	2.766558886	0.000000000	2.637571096	2.327797174	2.423659086
0.000000000	2.059664726	2.250763655	2.388658047	2.680853367	0.000000000	2.572100401	2.540224552
2.075134039	2.262014151	2.353032112	0.000000000	2.460847616	2.430065393	0.000000000	2.517724037
2.510458231	2.486863852	0.000000000	2.225059986	2.380454779	2.466003895	2.784059286	0.000000000
0.000000000	2.543740273	2.254513741	2.363266706	2.400533438	0.000000000	2.454831839	2.751870871
2.175371170	0.000000000	2.341313124	2.416705608	0.000000000	2.425924778	2.487879515	2.551318645
2.521161556	2.831170082	0.000000000	2.727026463	2.382329702	2.459050655	2.471160412	0.000000000
2.473269701	2.537412167	2.827576160	0.000000000	2.711713552	2.620148659	0.000000000	2.280217648
2.406158447	0.000000000	2.473660469	2.787418842	0.000000000	2.651321411	2.332640886	2.426315308
0.000000000	2.056227207	2.248341799	2.430456161	2.703354120	0.000000000	2.584757090	2.547959328
2.076227903	2.262951612	2.360532284	0.000000000	2.467253923	2.434596777	0.000000000	2.521474123
2.506629944	2.483973026	0.000000000	2.223028660	2.380298376	2.465456963	2.783200026	0.000000000
0.000000000	2.537099600	2.250607491	2.354516506	2.392486334	0.000000000	2.449440956	2.739761353
2.168417692	0.000000000	2.338422298	2.412486792	0.000000000	2.411471128	2.470613480	2.539599657
2.484676361	2.794137716	0.000000000	2.705463409	2.371548176	2.423346519	2.445690870	0.000000000
2.446315765	2.515302181	2.815388203	0.000000000	2.703822851	2.589757204	0.000000000	2.260373354
2.378423452	0.000000000	2.450612783	2.755621195	0.000000000	2.614758015	2.307562113	2.410533667
0.000000000	2.046930075	2.242326021	2.381626606	2.663509130	0.000000000	2.560147047	2.533896446
2.044039488	2.230607033	2.333422184	0.000000000	2.447175264	2.379673481	0.000000000	2.482019901
2.470769644	2.461238146	0.000000000	2.240529060	2.392798901	2.435143709	2.764840126	0.000000000
0.000000000	2.541084051	2.252951384	2.357797861	2.398189545	0.000000000	2.452644110	2.758589983
2.140526295	0.000000000	2.307093382	2.394908190	0.000000000	2.364126205	2.439675093	2.523036718
2.459441185	2.784918785	0.000000000	2.697416306	2.366313696	2.401080370	2.429362297	0.000000000
2.423893452	2.498582840	2.788590670	0.000000000	2.689838171	2.560693979	0.000000000	2.242716551
2.363188744	0.000000000	2.439987659	2.756949186	0.000000000	2.601788759	2.299983740	2.403111696
0.000000000	2.051930189	2.243263483	2.383033037	2.676400185	0.000000000	2.568428516	2.537021399
2.022866964	2.210294008	2.321390629	0.000000000	2.439596891	2.341391087	0.000000000	2.457253695
2.428737164	2.426940441	0.000000000	2.188418388	2.358188391	2.393189430	2.730698586	0.000000000
0.000000000	2.522255421	2.242404222	2.346469402	2.388736248	0.000000000	2.475144863	2.787028074
2.121307135	0.000000000	2.281780243	2.379595280	0.000000000	2.325687647	2.412955523	2.509833097
2.440768957	2.774605989	0.000000000	2.690853834	2.364048004	2.394517660	2.421236992	0.000000000
2.415299416	2.492723465	2.785231352	0.000000000	2.687416077	2.553896904	0.000000000	2.234513283
2.355844736	0.000000000	2.434831142	2.763668060	0.000000000	2.597257376	2.294593096	2.399673939
0.000000000	2.049664497	2.240372896	2.383189201	2.685228586	0.000000000	2.573272467	2.539365292
1.995053768	2.182949305	2.304046392	0.000000000	2.430221796	2.312406063	0.000000000	2.437175035
2.406080484	2.410455465	0.000000000	2.179277420	2.353657246	2.383501768	2.716635704	0.000000000
0.000000000	2.516864538	2.238654137	2.343422413	2.388345480	0.000000000	2.443659544	2.757105589
2.103338003	0.000000000	2.268810987	2.371626377	0.000000000	2.318578005	2.404439688	2.502645493
2.429206133	2.759214878	0.000000000	2.672259569	2.355844736	2.380064011	2.411549330	0.000000000
2.405767918	2.485379457	2.777809143	0.000000000	2.683978558	2.547959328	0.000000000	2.230607033
2.349438190	0.000000000	2.429362297	2.756167889	0.000000000	2.591085434	2.291155338	2.397095919
0.000000000	2.049664497	2.241388559	2.381860971	2.675618887	0.000000000	2.567803621	2.536240101
2.002007008	2.189121485	2.307249546	0.000000000	2.431393623	2.318343639	0.000000000	2.441862583
2.412252426	2.415768147	0.000000000	2.188965082	2.360766649	2.384439230	2.726557732	0.000000000
0.000000000	2.523739815	2.242872953	2.347953796	2.391314507	0.000000000	2.446081400	2.759449244
2.108728647	0.000000000	2.273186207	2.372876406	0.000000000	2.317327976	2.403736591	2.501864195
2.429831028	2.761324406	0.000000000	2.681165934	2.360454082	2.384907961	2.413893223	0.000000000
2.409752369	2.490692139	2.795700312	0.000000000	2.694369555	2.550928116	0.000000000	2.234278917
2.349985123	0.000000000	2.439284325	2.747027159	0.000000000	2.586866617	2.285374165	2.393814564
0.000000000	2.048102140	2.241779089	2.378345251	2.652024508	0.000000000	2.552881241	2.527802467
2.001225710	2.189121485	2.309437275	0.000000000	2.429987431	2.321468830	0.000000000	2.441784620
2.415299416	2.416393280	0.000000000	2.182793140	2.355376005	2.384517431	2.727026463	0.000000000
0.000000000	2.514833450	2.237482071	2.342953682	2.387876749	0.000000000	2.443503380	2.761402607
2.119510174	0.000000000	2.304905891	2.391314507	0.000000000	2.333109617	2.412252426	2.507958174
2.436628103	2.768043280	0.000000000	2.685306787	2.360923052	2.382954836	2.412877560	0.000000000
2.407643080	2.489442110	2.794215918	0.000000000	2.693900585	2.552021742	0.000000000	2.235294580
2.348578930	0.000000000	2.432487488	2.749761581	0.000000000	2.588663578	2.286233425	2.396158218
0.000000000	2.045055151	2.238654137	2.376157761	2.658977747	0.000000000	2.557100058	2.530849457
2.015444994	2.218731642	2.326234579	0.000000000	2.441159487	2.342172384	0.000000000	2.453503609
2.431784153	2.427956104	0.000000000	2.191074610	2.359126091	2.391079903	2.734292269	0.000000000
0.000000000	2.521005392	2.242950916	2.348344564	2.391314507	0.000000000	2.447253466	2.745777130
2.118885279	0.000000000	2.287483454	2.381860971	0.000000000	2.337797403	2.418736935	2.510614395
2.443269014	2.759761810	0.000000000	2.681322098	2.357876062	2.388267517	2.418190241	0.000000000
2.414752483	2.492567062	2.782340527	0.000000000	2.623039484	2.501239300	0.000000000	2.207950115
2.332797289	0.000000000	2.422096491	2.756402254	0.000000000	2.593194723	2.289749146	2.395376921
0.000000000	2.052789688	2.242247820	2.379204750	2.657649755	0.000000000	2.556396961	2.529989958
2.019663811	2.208731413	2.320062399	0.000000000	2.438034296	2.341313124	0.000000000	2.458034992
2.429284096	2.427565336	0.000000000	2.188965082	2.359985352	2.416393280	2.735854864	0.000000000
