Current:	100uA
Nodes:		8
Cycles:		153
Elapsed time:	0.59632 seconds
Frequency:	256.57364 Hz

0.000000000	2.460300684	2.427252769	2.538896561	2.420143366	0.002265686	0.006015787	0.387901068
0.000000000	1.103623509	2.032085896	0.000000000	2.249123096	2.353579044	0.000000000	0.009765888
0.356962740	0.000000000	1.107998610	1.599496245	1.965990424	2.507098675	0.000000000	2.521552324
2.268967390	2.234825850	2.249591827	0.002187559	0.007343948	0.554077446	0.000000000	1.386834264
2.159745693	0.000000000	2.320218801	2.371313810	0.002265686	0.004062609	0.332118332	0.000000000
0.000000000	1.222142339	1.755906701	2.334125280	2.356469631	0.002265686	0.004843880	0.336805940
0.000000000	1.068778753	2.018726349	0.000000000	2.172245979	2.298499346	0.002187559	0.001562542
0.555014968	0.000000000	1.227298617	1.661607265	2.002319574	2.523818016	0.000000000	2.529365063
2.272404909	2.253420115	2.268420458	0.002187559	0.002734449	0.553218007	0.000000000	1.378552794
2.135682583	0.000000000	2.302171469	2.359594822	0.002265686	0.000156254	0.328758866	0.000000000
0.000000000	1.201516747	1.741374969	2.349125862	2.361001015	0.002187559	0.001562542	0.331883937
0.000000000	1.056512833	2.008100986	0.000000000	2.165292740	2.293421030	0.002265686	0.004296991
0.332352698	0.000000000	1.069247603	1.634575248	1.988022327	2.526396275	0.000000000	2.528583765
2.272795677	2.232872725	2.254279375	0.002109432	0.004218864	0.550483584	0.000000000	1.380037189
2.156933069	0.000000000	2.311312199	2.363110542	0.002187559	0.003671974	0.328836977	0.000000000
0.000000000	1.200813532	1.737859249	2.336625338	2.353266478	0.002187559	0.001640669	0.331024528
0.000000000	1.059872270	2.007632256	0.000000000	2.160136223	2.292717934	0.002109432	0.003593847
0.333915234	0.000000000	2.224513054	2.247013569	2.327015877	2.717182636	0.000000000	2.646164894
2.339750528	2.442722082	2.489051342	0.002187559	0.004609499	0.588609576	0.000000000	1.414725542
2.176464796	0.000000000	2.311624765	2.377876520	0.002109432	0.002812576	0.333915234	0.000000000
0.000000000	1.213548303	1.757469177	2.345219374	2.356782198	0.002109432	0.005156389	0.332118332
0.000000000	1.057762861	2.015210629	0.000000000	2.170605421	2.295999289	0.001562542	0.006875185
0.338524729	0.000000000	1.075888395	1.566135883	1.948333740	2.502958059	0.000000000	2.515770912
2.262170315	2.226231813	2.241466522	0.001796923	0.007031439	0.545717835	0.000000000	1.374724507
2.139198303	0.000000000	2.307249546	2.360923052	0.002109432	0.001484415	0.330321401	0.000000000
0.000000000	1.192297697	1.734109163	2.335219145	2.353500843	0.002187559	0.001875050	0.332352698
0.000000000	1.058153510	1.999819517	0.000000000	2.162245750	2.290217876	0.002031305	0.001093779
0.469309509	0.000000000	1.232142568	1.668013692	2.009507179	2.536708832	0.000000000	2.533896446
2.275217533	2.255607605	2.270842314	0.002031305	0.005156389	0.554389954	0.000000000	1.387146711
2.159589291	0.000000000	2.316546679	2.368657589	0.002187559	0.001406288	0.328524470	0.000000000
0.000000000	1.215657711	1.762703776	2.342328787	2.359047890	0.002109432	0.007422075	0.332587093
0.000000000	1.056512833	2.148104668	0.000000000	2.255451441	2.346469402	0.002187559	0.002656322
0.333758980	0.000000000	1.072607040	1.584652066	1.970678091	2.515067816	0.000000000	2.522958517
2.268576622	2.230997562	2.240763426	0.002109432	0.006328295	0.550483584	0.000000000	1.382380962
2.161151886	0.000000000	2.320062399	2.369829416	0.002265686	0.002578194	0.327977568	0.000000000
0.000000000	1.192063332	1.734343529	2.327406406	2.350219488	0.002187559	0.006406423	0.333133966
0.000000000	1.056903481	2.002319574	0.000000000	2.183574438	2.305530787	0.002031305	0.000781271
0.333602726	0.000000000	1.072372675	1.566839099	1.941067934	2.480613708	0.000000000	2.501473665
2.257013798	2.222637892	2.237404108	0.002109432	0.002968830	0.550249219	0.000000000	1.377068281
2.165605307	0.000000000	2.321000099	2.369907618	0.002109432	0.002656322	0.331649542	0.000000000
0.000000000	1.195266604	1.738796830	2.337719202	2.356235266	0.002187559	0.004609499	0.331102669
0.000000000	1.056669116	2.004038334	0.000000000	2.162401915	2.293967962	0.001875050	0.004843880
0.335321516	0.000000000	1.070263147	1.564495206	1.946536779	2.501629829	0.000000000	2.515145779
2.263732910	2.227872610	2.241622925	0.002109432	0.007187693	0.548764765	0.000000000	1.378943443
2.159745693	0.000000000	2.317327976	2.368266821	0.002187559	0.001015652	0.327118188	0.000000000
0.000000000	1.183625579	1.732156038	2.325375080	2.394752026	0.001640669	0.004062609	0.341649830
0.000000000	1.067450643	2.013804197	0.000000000	2.170214653	2.293264866	0.002031305	0.004140737
0.347118735	0.000000000	1.087216735	1.576058030	1.947474360	2.484441996	0.000000000	2.503504992
2.257717133	2.225294352	2.241857290	0.002187559	0.007422075	0.548686624	0.000000000	1.376130819
2.154042482	0.000000000	2.430768490	2.438268900	0.002265686	0.000703144	0.330399513	0.000000000
0.000000000	1.198938489	1.738328099	2.331703424	2.357016563	0.002109432	0.005390770	0.330868274
0.000000000	1.053231478	1.995053768	0.000000000	2.159667492	2.287014723	0.000000000	0.021328699
0.340634167	0.000000000	1.083701015	1.572854877	1.946068048	2.501864195	0.000000000	2.514911413
2.263654709	2.229591370	2.243263483	0.002031305	0.001015652	0.552280486	0.000000000	1.379568458
2.159589291	0.000000000	2.318343639	2.368891954	0.002187559	0.001640669	0.328133851	0.000000000
0.000000000	1.189641356	1.732624769	2.318656206	2.345610142	0.002343813	0.001796923	0.334305882
0.000000000	1.059090972	2.015366793	0.000000000	2.170839787	2.292327404	0.002031305	0.003203211
0.333212107	0.000000000	1.195110321	1.643716097	1.988647342	2.531865120	0.000000000	2.533583879
2.273576736	2.234044552	2.256467104	0.002031305	0.006406423	0.548999131	0.000000000	1.375896454
2.145292044	0.000000000	2.307483912	2.362016678	0.002265686	0.002578194	0.329540133	0.000000000
0.000000000	1.193625927	1.740593791	2.357329130	2.366157532	0.002187559	0.006718931	0.331024528
0.000000000	1.059794188	2.009351015	0.000000000	2.166855335	2.294046164	0.002031305	0.004922008
0.332587093	0.000000000	1.068622470	1.563870192	1.998647571	2.533349514	0.000000000	2.531474352
2.273030043	2.232794523	2.244279146	0.001953178	0.002031305	0.551421106	0.000000000	1.381365299
2.496942282	0.000000000	2.516239643	2.486004353	0.002265686	0.001562542	0.331337035	0.000000000
0.000000000	1.717311859	2.083728075	2.548818588	2.493504763	0.002265686	0.001250034	0.332352698
0.000000000	1.056669116	2.004038334	0.000000000	2.188340187	2.354282141	0.001875050	0.002656322
0.339071631	0.000000000	1.074013352	1.564573407	1.943802357	2.506083012	0.000000000	2.522567987
2.266545296	2.230450630	2.243576050	0.002031305	0.001328161	0.546342850	0.000000000	1.375349522
2.156229973	0.000000000	2.316937447	2.365532398	0.002187559	0.006093914	0.329305738	0.000000000
0.000000000	1.202610493	1.739421844	2.324906349	2.349203825	0.002109432	0.005390770	0.332587093
0.000000000	1.061903596	2.178418159	0.000000000	2.268889189	2.362719774	0.001796923	0.003281338
0.336180925	0.000000000	1.070653796	1.567385912	1.961380959	2.503817320	0.000000000	2.532802582
2.275530100	2.233575821	2.246701241	0.002031305	0.004453245	0.549155414	0.000000000	1.379490256
2.140370131	0.000000000	2.310374737	2.363579273	0.002109432	0.004140737	0.328524470	0.000000000
0.000000000	1.203548074	1.738171816	2.328500271	2.347953796	0.002187559	0.004140737	0.332040191
0.000000000	1.059090972	2.007788420	0.000000000	2.163339615	2.295764923	0.001328161	0.006640804
0.335087150	0.000000000	1.071122646	1.567385912	1.948568106	2.502489328	0.000000000	2.520145893
2.266545296	2.228810072	2.242950916	0.002031305	0.000703144	0.545952201	0.000000000	1.375505805
2.141307592	0.000000000	2.307405949	2.362719774	0.002187559	0.003281338	0.328290105	0.000000000
0.000000000	1.193469644	1.738640547	2.343500614	2.357954025	0.002109432	0.006328295	0.332118332
0.000000000	1.065497398	2.020523071	0.000000000	2.170917749	2.295061827	0.002187559	0.005937660
0.342431098	0.000000000	1.088623047	1.574339271	1.951068163	2.491551399	0.000000000	2.506161213
2.260764122	2.224903584	2.240607262	0.002031305	0.006172041	0.551499248	0.000000000	1.386677980
2.162245750	0.000000000	2.319203138	2.369595051	0.002031305	0.002343813	0.329305738	0.000000000
0.000000000	1.193157077	1.735359192	2.323578119	2.348188162	0.002187559	0.004375118	0.333446473
0.000000000	1.060575485	2.013335466	0.000000000	2.169745922	2.293577433	0.002031305	0.004453245
0.333133966	0.000000000	1.125264645	1.608558893	1.969974875	2.501551628	0.000000000	2.511864424
2.261857748	2.226466179	2.245997906	0.002187559	0.003750101	0.549546063	0.000000000	1.376599550
2.139667034	0.000000000	2.306468248	2.360376120	0.002109432	0.000937525	0.328290105	0.000000000
0.000000000	1.193860292	1.734343529	2.318812370	2.344516277	0.002109432	0.000703144	0.331571430
0.000000000	1.057840943	1.998647571	0.000000000	2.162011385	2.288030386	0.002109432	0.006718931
0.334852755	0.000000000	1.066747427	1.563635826	1.988412976	2.529521227	0.000000000	2.527958632
2.272326708	2.231544495	2.242169857	0.002031305	0.007734583	0.551108599	0.000000000	1.382693529
2.157323837	0.000000000	2.317093611	2.368032455	0.002109432	0.000781271	0.332665205	0.000000000
0.000000000	1.198547959	1.736609221	2.330531597	2.352953911	0.002109432	0.001328161	0.332274586
0.000000000	1.059325457	2.013569832	0.000000000	2.167948961	2.291624308	0.002187559	0.002500067
0.333212107	0.000000000	1.073700786	1.565510869	1.947630525	2.502958059	0.000000000	2.516083479
2.264279842	2.228263140	2.241857290	0.002031305	0.007422075	0.547280371	0.000000000	1.380271554
2.156698704	0.000000000	2.317171812	2.368266821	0.002187559	0.001015652	0.327743202	0.000000000
0.000000000	1.188156962	1.734656096	2.345453739	2.362954378	0.002265686	0.003515720	0.331962079
0.000000000	1.058465958	2.012398005	0.000000000	2.168495893	2.291936636	0.002109432	0.002812576
0.333758980	0.000000000	1.068153739	1.562620163	1.943646073	2.500770569	0.000000000	2.511864424
2.274827003	2.236075878	2.247716665	0.002109432	0.005468897	0.545327187	0.000000000	1.377615213
2.146932840	0.000000000	2.312171698	2.365454435	0.002109432	0.006015787	0.329461992	0.000000000
0.000000000	1.188938260	1.734265447	2.343344450	2.358500957	0.002109432	0.006875185	0.332508951
0.000000000	1.452929735	2.245763540	0.000000000	2.303968191	2.374751568	0.002109432	0.007500202
0.332118332	0.000000000	1.073153853	1.603246331	1.986772299	2.522255421	0.000000000	2.530849457
2.270842314	2.249201298	2.252951384	0.002031305	0.002890703	0.550092936	0.000000000	1.379802823
2.153886080	0.000000000	2.315062284	2.368813753	0.002343813	0.001562542	0.328368217	0.000000000
0.000000000	1.199641705	1.742468834	2.349672556	2.362563610	0.002265686	0.003125084	0.332352698
0.000000000	1.057137847	2.012319803	0.000000000	2.168730259	2.295921087	0.002187559	0.006797058
0.331180781	0.000000000	1.067919374	1.562620163	1.942942977	2.499911070	0.000000000	2.511161327
2.262795210	2.226075649	2.239591599	0.001875050	0.005156389	0.546108484	0.000000000	1.376443267
2.155370474	0.000000000	2.312327862	2.365376234	0.002265686	0.005937660	0.328524470	0.000000000
0.000000000	1.193000913	1.740359426	2.346860170	2.359907389	0.002187559	0.000468763	0.332587093
0.000000000	1.057840943	2.004272699	0.000000000	2.336703539	2.403970957	0.002031305	0.005468897
0.338134110	0.000000000	1.073310137	1.565745234	1.967318654	2.491942167	0.000000000	2.512567759
2.262795210	2.226700544	2.354750872	0.001640669	0.003125084	0.552514851	0.000000000	1.383162260
2.162558317	0.000000000	2.315921783	2.367798090	0.002265686	0.000546890	0.330555767	0.000000000
0.000000000	1.209876299	1.749890924	2.350453854	2.360610485	0.002265686	0.001171907	0.332899600
0.000000000	1.060419202	1.998100638	0.000000000	2.160917521	2.290452242	0.002109432	0.001328161
0.332430840	0.000000000	1.065575600	1.563792109	1.941771030	2.496082783	0.000000000	2.510145664
2.262014151	2.224825621	2.239591599	0.001796923	0.005156389	0.550092936	0.000000000	1.379724622
2.164511442	0.000000000	2.322953224	2.369985819	0.002187559	0.002734449	0.327274442	0.000000000
0.000000000	1.192297697	1.733171701	2.323656321	2.350375891	0.002265686	0.006562677	0.331337035
0.000000000	1.055497169	1.997710109	0.000000000	2.160526991	2.287639618	0.002187559	0.006328295
0.334071487	0.000000000	1.065809965	1.558713794	1.940989733	2.495692253	0.000000000	2.506786346
2.259826422	2.223419189	2.238732100	0.002109432	0.004296991	0.661892831	0.000000000	1.465430140
2.199121714	0.000000000	2.341703653	2.384283066	0.002265686	0.001406288	0.329227626	0.000000000
0.000000000	1.204094887	1.742937565	2.339359760	2.356860399	0.002109432	0.005234516	0.331258923
0.000000000	1.056981564	2.002085209	0.000000000	2.164120674	2.290608644	0.002187559	0.001484415
0.333758980	0.000000000	1.069560051	1.562698364	1.943255424	2.502020597	0.000000000	2.514130116
2.263654709	2.226310015	2.240529060	0.002031305	0.006093914	0.546030343	0.000000000	1.375505805
2.184902668	0.000000000	2.335844040	2.379204750	0.002187559	0.004140737	0.328055710	0.000000000
0.000000000	1.194875956	1.736765504	2.331469059	2.353344679	0.002187559	0.001718796	0.332040191
0.000000000	1.058153510	2.005132198	0.000000000	2.164433241	2.290920973	0.002109432	0.001796923
0.332352698	0.000000000	1.065731883	1.561213970	1.939739704	2.491239071	0.000000000	2.506551981
2.259357691	2.224044323	2.238419771	0.002109432	0.003984482	0.548921049	0.000000000	1.377380848
2.159901857	0.000000000	2.317796707	2.378110886	0.002109432	0.003046957	0.328211963	0.000000000
0.000000000	1.187688231	1.732546687	2.319203138	2.347485065	0.002265686	0.003671974	0.331415176
0.000000000	1.057762861	1.997788191	0.000000000	2.160683155	2.286858559	0.002031305	0.005547024
0.332899600	0.000000000	1.067919374	1.563323379	1.943411708	2.499832869	0.000000000	2.510770798
2.279592752	2.238263369	2.249513626	0.002031305	0.007265821	0.546108484	0.000000000	1.378396511
2.158808231	0.000000000	2.320609331	2.383189201	0.002031305	0.000312508	0.327977568	0.000000000
0.000000000	1.200579166	1.741374969	2.346781969	2.363891840	0.002031305	0.004453245	0.334462136
0.000000000	1.059481621	2.011382341	0.000000000	2.165136337	2.293186665	0.002187559	0.004062609
0.332977712	0.000000000	1.073544502	1.566214085	1.943724275	2.499911070	0.000000000	2.517411470
2.267014265	2.229669333	2.242872953	0.001875050	0.000625017	0.547358513	0.000000000	1.374255776
2.260607719	0.000000000	2.379360914	2.421315193	0.001640669	0.007187693	0.333290219	0.000000000
0.000000000	1.201985478	1.750672102	2.335766077	2.356703997	0.002031305	0.005078262	0.333524615
0.000000000	1.067919374	2.011069775	0.000000000	2.165527105	2.291936636	0.002109432	0.002812576
0.333915234	0.000000000	1.070575714	1.566448450	1.947630525	2.500770569	0.000000000	2.516161442
2.262717247	2.226544380	2.240685225	0.002109432	0.006250168	0.547514737	0.000000000	1.377771497
2.152870417	0.000000000	2.314437389	2.366860628	0.002187559	0.007422075	0.344853044	0.000000000
0.000000000	1.220111012	1.752703428	2.364282370	2.372485876	0.002109432	0.005234516	0.334696501
0.000000000	1.062762976	2.016460657	0.000000000	2.169121027	2.295217991	0.002109432	0.006093914
0.334305882	0.000000000	1.069560051	1.564417124	1.947630525	2.502254963	0.000000000	2.512333393
2.261779547	2.225684881	2.240216494	0.002187559	0.005781406	0.549233556	0.000000000	1.376755834
2.136385679	0.000000000	2.304749489	2.359360456	0.002187559	0.007734583	0.328055710	0.000000000
0.000000000	1.323863745	1.825830460	2.375532627	2.379595280	0.002187559	0.004531372	0.333524615
0.000000000	1.061278582	2.013882399	0.000000000	2.175214767	2.299749374	0.002187559	0.002812576
0.334930897	0.000000000	1.069481969	1.566917181	1.947786808	2.502411127	0.000000000	2.515770912
2.264279842	2.226934910	2.241154194	0.002031305	0.006718931	0.547514737	0.000000000	1.375740170
2.137166977	0.000000000	2.305999517	2.361782312	0.002265686	0.002343813	0.328290105	0.000000000
0.000000000	1.195032239	1.738015532	2.457878590	2.426315308	0.002187559	0.004375118	0.333915234
0.000000000	1.059950471	2.009272814	0.000000000	2.178574324	2.309671640	0.002109432	0.004922008
0.334383994	0.000000000	1.069325686	1.563323379	1.944818020	2.484754324	0.000000000	2.505614281
2.260217190	2.222950459	2.238810301	0.002109432	0.004375118	0.546733499	0.000000000	1.376599550
2.145682812	0.000000000	2.309359074	2.365063667	0.002265686	0.005625152	0.330399513	0.000000000
0.000000000	1.204251170	1.744265676	2.345844507	2.375845194	0.001640669	0.000781271	0.333837122
0.000000000	1.065731883	2.008022785	0.000000000	2.167089701	2.292796135	0.002031305	0.003671974
0.335946560	0.000000000	1.073310137	1.566292167	1.944739819	2.501708031	0.000000000	2.514364481
2.263420343	2.226075649	2.240919828	0.002031305	0.006484549	0.548921049	0.000000000	1.380115271
2.145682812	0.000000000	2.310218573	2.363735437	0.001562542	0.004296991	0.332977712	0.000000000
0.000000000	1.198391676	1.739343762	2.321078062	2.345141172	0.001796923	0.001328161	0.334540248
0.000000000	1.064950585	2.000600815	0.000000000	2.162323952	2.288342953	0.002187559	0.007031439
0.334540248	0.000000000	1.071747661	1.568714142	1.947943091	2.502489328	0.000000000	2.513192654
2.263264179	2.226622581	2.240294695	0.002109432	0.005859533	0.548764765	0.000000000	1.376521468
2.160292625	0.000000000	2.320140600	2.369126320	0.002265686	0.001875050	0.327821314	0.000000000
0.000000000	1.187063217	1.732781053	2.335766077	2.354125977	0.002187559	0.002500067	0.494388312
0.000000000	1.174250364	2.069352627	0.000000000	2.200293541	2.312640429	0.002265686	0.000078127
0.332508951	0.000000000	1.085185528	1.581526995	1.958724618	2.508114338	0.000000000	2.519052267
2.266076565	2.226778746	2.240216494	0.002031305	0.005781406	0.545483410	0.000000000	1.374412060
2.148182869	0.000000000	2.313421726	2.367173195	0.002109432	0.007734583	0.328602612	0.000000000
0.000000000	1.198079109	1.740828156	2.357563496	2.366626263	0.002109432	0.007187693	0.333212107
0.000000000	1.056278467	2.037554979	0.000000000	2.182636976	2.304202795	0.002109432	0.007265821
0.332196444	0.000000000	1.069794416	1.562776446	1.949583769	2.503270626	0.000000000	2.515770912
2.264045238	2.226622581	2.240529060	0.002187559	0.006093914	0.548764765	0.000000000	1.376599550
2.146229744	0.000000000	2.308968544	2.363969803	0.002109432	0.004531372	0.329305738	0.000000000
0.000000000	1.203626156	1.741296887	2.341781855	2.356782198	0.002187559	0.005156389	0.331805825
0.000000000	1.057059765	2.012788534	0.000000000	2.168808460	2.372251272	0.001953178	0.005000134
0.334305882	0.000000000	1.067997456	1.561213970	1.940755367	2.503661156	0.000000000	2.521239758
2.266232967	2.227794409	2.240685225	0.002031305	0.006250168	0.547202229	0.000000000	1.381912231
2.148573399	0.000000000	2.309827805	2.365298033	0.002265686	0.005859533	0.329071373	0.000000000
0.000000000	1.195422769	1.735593557	2.319593668	2.343031883	0.002265686	0.007031439	0.332118332
0.000000000	1.059950471	2.009975910	0.000000000	2.169042826	2.292171001	0.001953178	0.003046957
0.335634053	0.000000000	1.071513176	1.565510869	1.941614747	2.487176418	0.000000000	2.505067348
2.258810759	2.224981785	2.241388559	0.002187559	0.006953312	0.547749102	0.000000000	1.375818253
2.152870417	0.000000000	2.314827919	2.366235495	0.002187559	0.006797058	0.327665061	0.000000000
0.000000000	1.185031891	1.732859135	2.332328320	2.352563381	0.002265686	0.000937525	0.330008894
0.000000000	1.059012890	2.002163410	0.000000000	2.160917521	2.290530443	0.002187559	0.001406288
0.434308559	0.000000000	1.147921562	1.613793492	1.972631216	2.516786575	0.000000000	2.521161556
2.268107891	2.239747763	2.254045010	0.002109432	0.003984482	0.548452258	0.000000000	1.378630877
2.153261185	0.000000000	2.311468601	2.367094994	0.002265686	0.007656456	0.329305738	0.000000000
0.000000000	1.193704009	1.735515475	2.330219030	2.349203825	0.002187559	0.005390770	0.330243260
0.000000000	1.053934574	1.998100638	0.000000000	2.160604954	2.288967848	0.002187559	0.007656456
0.331649542	0.000000000	1.068935037	1.630981445	1.986225367	2.524442911	0.000000000	2.526005507
2.270920515	2.230841398	2.251623154	0.002187559	0.001562542	0.551655471	0.000000000	1.379412174
2.159980059	0.000000000	2.320062399	2.368891954	0.002109432	0.001640669	0.326102525	0.000000000
0.000000000	1.185813189	1.729968429	2.319593668	2.345141172	0.002031305	0.001328161	0.332274586
0.000000000	1.058934808	1.997866273	0.000000000	2.159745693	2.286702156	0.002109432	0.005390770
0.335712165	0.000000000	1.073857069	1.566214085	1.945911765	2.523427248	0.000000000	2.524677277
2.271936178	2.233185053	2.244122982	0.001953178	0.001875050	0.550249219	0.000000000	1.381990314
2.160604954	0.000000000	2.319750071	2.369907618	0.002187559	0.002656322	0.327899456	0.000000000
0.000000000	1.191047668	1.733249784	2.315921783	2.343813181	0.002187559	0.000000000	0.334852755
0.000000000	1.062216163	2.010835409	0.000000000	2.170058489	2.292874336	0.002109432	0.003750101
0.331493288	0.000000000	1.065575600	1.559338927	1.937864661	2.480769873	0.000000000	2.501551628
2.256310701	2.223184824	2.238419771	0.002187559	0.003984482	0.544624031	0.000000000	1.375740170
2.152792454	0.000000000	2.312015295	2.366704464	0.002187559	0.007265821	0.328368217	0.000000000
0.000000000	1.193860292	1.739187479	2.356235266	2.365219831	0.002265686	0.005781406	0.331024528
0.000000000	1.054403424	1.995444417	0.000000000	2.302718163	2.381626606	0.002031305	0.006562677
0.334930897	0.000000000	1.067919374	1.564807773	1.937005281	2.479988575	0.000000000	2.503739357
2.263498545	2.228184938	2.241857290	0.002109432	0.007422075	0.548530400	0.000000000	1.377771497
2.153417349	0.000000000	2.313577890	2.365298033	0.002187559	0.005859533	0.328993231	0.000000000
0.000000000	1.194641590	1.736218691	2.321390629	2.346938133	0.002265686	0.003125084	0.332821459
0.000000000	1.056200266	2.002553940	0.000000000	2.162792683	2.294046164	0.002109432	0.004922008
0.335009009	0.000000000	1.071200728	1.566214085	1.948177457	2.598898172	0.000000000	2.569678545
2.316468716	2.262639046	2.263498545	0.002031305	0.005625152	0.565093338	0.000000000	1.392381191
2.152401686	0.000000000	2.317874908	2.370532513	0.002031305	0.003281338	0.328290105	0.000000000
0.000000000	1.196750998	1.735828042	2.326390743	2.349438190	0.002187559	0.005625152	0.332665205
0.000000000	1.060497284	2.003960133	0.000000000	2.163886309	2.290764809	0.001953178	0.001640669
0.333055854	0.000000000	1.069247603	1.562542081	1.946771145	2.503739357	0.000000000	2.528739929
2.274045706	2.258185863	2.260920286	0.002109432	0.003046957	0.548530400	0.000000000	2.373423338
2.739683151	0.000000000	2.654446602	2.567725420	0.002031305	0.005156389	0.328602612	0.000000000
0.000000000	1.305503964	1.838721395	2.388970613	2.437721968	0.002109432	0.000156254	0.331571430
0.000000000	1.058231592	2.007710218	0.000000000	2.169902086	2.299749374	0.002265686	0.002812576
0.333602726	0.000000000	1.074091434	1.688639283	2.036539316	2.554834366	0.000000000	2.543505907
2.281467676	2.237247705	2.247716665	0.002031305	0.005468897	0.555952489	0.000000000	1.388396740
2.160526991	0.000000000	2.320062399	2.369126320	0.002265686	0.001875050	0.327586949	0.000000000
0.000000000	1.201985478	1.739578128	2.324906349	2.349047661	0.002187559	0.005234516	0.332508951
0.000000000	1.057215929	2.011460304	0.000000000	2.169277191	2.293030500	0.002031305	0.003906355
0.332665205	0.000000000	1.067138076	1.561292052	1.939817905	2.565459728	0.000000000	2.551240683
2.284358501	2.238888502	2.248185635	0.002187559	0.005937660	0.557593167	0.000000000	1.387615442
2.147167206	0.000000000	2.312171698	2.365376234	0.002187559	0.005937660	0.328758866	0.000000000
0.000000000	1.196594715	1.738874912	2.357094765	2.366470098	0.002109432	0.007031439	0.330399513
0.000000000	1.054794073	1.994506836	0.000000000	2.158495665	2.288889885	0.002109432	0.007578329
0.331727684	0.000000000	1.064716220	1.561917067	1.939661622	2.494598389	0.000000000	2.513270855
2.265686035	2.226856947	2.240841627	0.002109432	0.006406423	0.544936538	0.000000000	1.372224450
2.141073227	0.000000000	2.307952881	2.363579273	0.002187559	0.004140737	0.328524470	0.000000000
0.000000000	1.184563160	1.732077837	2.326937675	2.347641230	0.002265686	0.003828228	0.332196444
0.000000000	1.057606578	1.994741201	0.000000000	2.158651829	2.287717819	0.002031305	0.006406423
0.332196444	0.000000000	1.067372441	1.561604500	1.939661622	2.496942282	0.000000000	2.509598732
2.261935949	2.237091541	2.247951269	0.002187559	0.005703279	0.545249045	0.000000000	1.375896454
2.142088890	0.000000000	2.307483912	2.364282370	0.002187559	0.004843880	0.329227626	0.000000000
0.000000000	1.194641590	1.737703085	2.331469059	2.351391554	0.002187559	0.007578329	0.332352698
0.000000000	1.058622241	2.010757208	0.000000000	2.166386366	2.294593096	0.002109432	0.005468897
0.333524615	0.000000000	1.070263147	1.562385798	1.944193006	2.500067234	0.000000000	2.516786575
2.263498545	2.226153612	2.256623268	0.001875050	0.006562677	0.545874059	0.000000000	1.370583773
2.131854296	0.000000000	2.301390171	2.358969688	0.002187559	0.007343948	0.329696387	0.000000000
0.000000000	1.196204066	1.733406067	2.350063324	2.358579159	0.002109432	0.006953312	0.331883937
0.000000000	1.055028439	1.994194388	0.000000000	2.157011271	2.292405367	0.000000000	0.026719470
0.372041255	0.000000000	1.119795799	1.596917987	1.960912228	2.643899441	0.000000000	2.596945047
2.312327862	2.298421383	2.291702271	0.001953178	0.002578194	0.575874865	0.000000000	1.401834607
2.256388903	0.000000000	2.379048347	2.414908886	0.002187559	0.000781271	0.332743347	0.000000000
0.000000000	1.203548074	1.751219034	2.351625919	2.364673138	0.002187559	0.005234516	0.335868418
0.000000000	1.060575485	2.010991573	0.000000000	2.167948961	2.293655634	0.002031305	0.004531372
0.334383994	0.000000000	1.072528839	1.564807773	1.944427371	2.502254963	0.000000000	2.516317844
2.263107777	2.226544380	2.271154881	0.001796923	0.005468897	0.547046006	0.000000000	1.376755834
2.138260603	0.000000000	2.302093267	2.359204054	0.002031305	0.007578329	0.329149485	0.000000000
0.000000000	1.197063446	1.734578013	2.331078291	2.352641582	0.002109432	0.001015652	0.334618390
0.000000000	1.060419202	2.011069775	0.000000000	2.164667606	2.292014837	0.002031305	0.002890703
0.335009009	0.000000000	1.073075771	1.565901518	1.948802471	2.506239414	0.000000000	2.517802238
2.264904737	2.227481842	2.241154194	0.002109432	0.006718931	0.560640097	0.000000000	1.397068858
2.167636395	0.000000000	2.321859360	2.371782541	0.002187559	0.004531372	0.328524470	0.000000000
0.000000000	1.198391676	1.743562579	2.359750986	2.368423223	0.002109432	0.001171907	0.334383994
0.000000000	1.061434865	2.016304255	0.000000000	2.169667721	2.296311855	0.002109432	0.007187693
0.334852755	0.000000000	1.071669459	1.567620397	1.946302414	2.499832869	0.000000000	2.514130116
2.263185978	2.227325678	2.241622925	0.002109432	0.007187693	0.547202229	0.000000000	1.475117803
2.203653097	0.000000000	2.345610142	2.383814096	0.002265686	0.000937525	0.330868274	0.000000000
0.000000000	1.203313708	1.741765618	2.321859360	2.349672556	0.002265686	0.005859533	0.333055854
0.000000000	1.059872270	2.014272928	0.000000000	2.170136452	2.292639971	0.002031305	0.003515720
0.332743347	0.000000000	1.069325686	1.567229748	1.945989847	2.499520540	0.000000000	2.512958288
2.262248516	2.224981785	2.240529060	0.002031305	0.006093914	0.547280371	0.000000000	1.376521468
2.150682926	0.000000000	2.333109617	2.378345251	0.002265686	0.003281338	0.327665061	0.000000000
0.000000000	1.189250827	1.739343762	2.329906464	2.352875948	0.002109432	0.001250034	0.333212107
0.000000000	1.058934808	2.007319689	0.000000000	2.165917635	2.293030500	0.002031305	0.003906355
0.333524615	0.000000000	1.070106983	1.562932730	1.945052385	2.501004934	0.000000000	2.511395693
2.263420343	2.226856947	2.239904165	0.001875050	0.005468897	0.548999131	0.000000000	1.378943443
2.158886194	0.000000000	2.316077948	2.375220299	0.001953178	0.000156254	0.331493288	0.000000000
0.000000000	1.200266719	1.744578242	2.359126091	2.367407560	0.002187559	0.000156254	0.332430840
0.000000000	1.056434751	1.995288134	0.000000000	2.158651829	2.289202213	0.002109432	0.000078127
0.333368361	0.000000000	1.072060108	1.563948393	1.944271088	2.501551628	0.000000000	2.514520884
2.262795210	2.226934910	2.240997791	0.002187559	0.006562677	0.545717835	0.000000000	1.374177575
2.145995378	0.000000000	2.310296535	2.364126205	0.002187559	0.004687626	0.335087150	0.000000000
0.000000000	1.223939180	1.754734755	2.358657360	2.367329359	0.002187559	0.000078127	0.332430840
0.000000000	1.060887933	2.007163525	0.000000000	2.161777020	2.293655634	0.001953178	0.004531372
0.334071487	0.000000000	1.072294474	1.566135883	1.945677400	2.485066891	0.000000000	2.504364252
2.259904623	2.223966122	2.239357233	0.002031305	0.004922008	0.547592878	0.000000000	1.376677752
2.156151772	0.000000000	2.316312313	2.368110657	0.002109432	0.000859398	0.331258923	0.000000000
0.000000000	1.190344572	1.802548528	2.363266706	2.371860743	0.002109432	0.004609499	0.333602726
0.000000000	1.060731649	2.012632370	0.000000000	2.175292969	2.297483683	0.002187559	0.000546890
0.335555911	0.000000000	1.070966363	1.563479662	1.943411708	2.499286175	0.000000000	2.513505220
2.261623383	2.226778746	2.240607262	0.002109432	0.006172041	0.569937229	0.000000000	1.399412632
2.279670715	0.000000000	2.393501997	2.416236877	0.002031305	0.002109432	0.328368217	0.000000000
0.000000000	1.280190706	1.813251972	2.388658047	2.390298843	0.002343813	0.007422075	0.331102669
0.000000000	1.058153510	1.994350553	0.000000000	2.163183212	2.292796135	0.002187559	0.003671974
0.332899600	0.000000000	1.070028782	1.562385798	1.940599084	2.496785879	0.000000000	2.509833097
2.258029461	2.219512939	2.236232042	0.002187559	0.001796923	0.546733499	0.000000000	1.377224565
2.159589291	0.000000000	2.319671869	2.368501186	0.002187559	0.001250034	0.363212913	0.000000000
0.000000000	1.224095464	1.843643427	2.415924549	2.402408361	0.002265686	0.003906355	0.332821459
0.000000000	1.066434979	2.013491631	0.000000000	2.176386833	2.303499460	0.002109432	0.006562677
0.333837122	0.000000000	1.070185065	1.564573407	1.949583769	2.503036261	0.000000000	2.514989614
2.262717247	2.226231813	2.241779089	0.002031305	0.007343948	0.547671020	0.000000000	1.380271554
2.147870302	0.000000000	2.309983969	2.363657475	0.002031305	0.004218864	0.329227626	0.000000000
0.000000000	1.193235278	1.735046744	2.346000671	2.362407446	0.002109432	0.002968830	0.332196444
0.000000000	1.057528496	2.004038334	0.000000000	2.160058260	2.291389942	0.001953178	0.002265686
0.335321516	0.000000000	1.071278811	1.565432787	1.946146131	2.490145206	0.000000000	2.506942511
2.261779547	2.225450516	2.239904165	0.002031305	0.005468897	0.548296034	0.000000000	1.378162146
2.152792454	0.000000000	2.314593554	2.367563725	0.002109432	0.000312508	0.329774499	0.000000000
0.000000000	1.197766662	1.739343762	2.339984894	2.356313467	0.001718796	0.004687626	0.335477799
0.000000000	1.064481735	2.001538277	0.000000000	2.160839558	2.290530443	0.002109432	0.001406288
0.334696501	0.000000000	1.069560051	1.566917181	1.947552443	2.502098560	0.000000000	2.511708260
2.260998487	2.224981785	2.239279032	0.002109432	0.004843880	0.547983527	0.000000000	1.377146482
2.137166977	0.000000000	2.305687189	2.361704111	0.002343813	0.002265686	0.328680724	0.000000000
0.000000000	1.198157310	1.741140604	2.358032227	2.366860628	0.002109432	0.007422075	0.333602726
0.000000000	1.168937683	2.068961859	0.000000000	2.198965549	2.311859131	0.002187559	0.007109567
0.334149629	0.000000000	1.086826086	1.581058145	1.962474704	2.512098789	0.000000000	2.522255421
2.267482996	2.228419304	2.242638588	0.002109432	0.000390636	0.549233556	0.000000000	1.374880791
2.144745350	0.000000000	2.312093496	2.364360571	0.002031305	0.004922008	0.330633909	0.000000000
0.000000000	1.191594601	1.733640432	2.327484608	2.349516392	0.002109432	0.005703279	0.333446473
0.000000000	1.059090972	2.037554979	0.000000000	2.185449362	2.304124594	0.002109432	0.007187693
0.336259067	0.000000000	1.076669574	1.567464113	1.950130701	2.506317616	0.000000000	2.518427134
2.265920401	2.228341341	2.241857290	0.002031305	0.007422075	0.547983527	0.000000000	1.375115156
2.136073112	0.000000000	2.305218220	2.361938715	0.002031305	0.002500067	0.327899456	0.000000000
0.000000000	1.196125984	1.738171816	2.353813410	2.362876177	0.002187559	0.003437593	0.333524615
0.000000000	1.060809851	2.014272928	0.000000000	2.169902086	2.318734407	0.002109432	0.006172041
0.334383994	0.000000000	1.069091320	1.564339042	1.948880553	2.505614281	0.000000000	2.518895864
2.265373468	2.227638006	2.241388559	0.001953178	0.006953312	0.547202229	0.000000000	1.375115156
2.138338804	0.000000000	2.307718515	2.362016678	0.002187559	0.002578194	0.330790162	0.000000000
0.000000000	1.188391328	1.732624769	2.329750299	2.350453854	0.002265686	0.006640804	0.331727684
0.000000000	1.061044216	2.012319803	0.000000000	2.169277191	2.292093039	0.000000000	0.026406961
0.339774787	0.000000000	1.078310251	1.569729805	1.946849346	2.493192196	0.000000000	2.511083364
2.262170315	2.228263140	2.241857290	0.002031305	0.007422075	0.547749102	0.000000000	1.378318310
2.157948732	0.000000000	2.317640543	2.368032455	0.002187559	0.000781271	0.327665061	0.000000000
0.000000000	1.183156848	1.732077837	2.326937675	2.350219488	0.002187559	0.006406423	0.331649542
0.000000000	1.062684894	2.007632256	0.000000000	2.166855335	2.292952299	0.002109432	0.003828228
0.335946560	0.000000000	1.187063217	1.641294241	1.991303682	2.527489901	0.000000000	2.527880669
2.270373583	2.231388330	2.254826307	0.002031305	0.004765753	0.552749276	0.000000000	1.382927895
2.144120216	0.000000000	2.407799244	2.426393509	0.002109432	0.004453245	0.332274586	0.000000000
0.000000000	1.211438894	1.759031773	2.367876291	2.379986048	0.002187559	0.004922008	0.330712020
0.000000000	1.057840943	1.995600581	0.000000000	2.158964396	2.289983511	0.002187559	0.000859398
0.334071487	0.000000000	1.505353093	1.834268093	2.099197149	2.590225935	0.000000000	2.565225363
2.292327404	2.246779203	2.291233540	0.002109432	0.002109432	0.560796380	0.000000000	1.388396740
2.158261299	0.000000000	2.316624880	2.365063667	0.002265686	0.005625152	0.326180667	0.000000000
0.000000000	1.197141647	1.737781167	2.334906578	2.354360342	0.002265686	0.002734449	0.332196444
0.000000000	1.056434751	1.998335123	0.000000000	2.162089586	2.288967848	0.002109432	0.007656456
0.332899600	0.000000000	1.066200614	1.658950925	1.998647571	2.514364481	0.000000000	2.521864891
2.268107891	2.229044437	2.242013454	0.001953178	0.007578329	0.552983642	0.000000000	1.378787160
2.152636051	0.000000000	2.315453053	2.365454435	0.002265686	0.006015787	0.329930753	0.000000000
0.000000000	1.186750650	1.733171701	2.331625223	2.352485180	0.002109432	0.000859398	0.331337035
0.000000000	1.057059765	2.003882170	0.000000000	2.159276962	2.290686607	0.002187559	0.001562542
0.332977712	0.000000000	1.070263147	1.563323379	1.947943091	2.530849457	0.000000000	2.530458689
2.272795677	2.232169390	2.243732214	0.002187559	0.001484415	0.550483584	0.000000000	1.379333973
2.135526180	0.000000000	2.304827690	2.361079216	0.002187559	0.001640669	0.328368217	0.000000000
0.000000000	1.202219844	1.743015647	2.357250929	2.365376234	0.002187559	0.005937660	0.331415176
0.000000000	1.325035691	2.192168474	0.000000000	2.270295620	2.356157303	0.002109432	0.004531372
0.332665205	0.000000000	1.070106983	1.588714719	1.975834489	2.518505335	0.000000000	2.528427362
2.270061016	2.231075764	2.240607262	0.002187559	0.006172041	0.548764765	0.000000000	1.379490256
2.156542540	0.000000000	2.316703081	2.368345022	0.002265686	0.001093779	0.331180781	0.000000000
0.000000000	1.197063446	1.740515590	2.357876062	2.367641926	0.002187559	0.000390636	0.332430840
0.000000000	1.057215929	2.010366678	0.000000000	2.167324066	2.294202328	0.002187559	0.005078262
0.333446473	0.000000000	1.073153853	1.565823436	1.944271088	2.501161098	0.000000000	2.512723923
2.277717590	2.322562456	2.299202442	0.002031305	0.002265686	0.546889722	0.000000000	1.379958987
2.158573866	0.000000000	2.329281569	2.381079674	0.002265686	0.006015787	0.329618245	0.000000000
0.000000000	1.192375898	1.738093734	2.354282141	2.364829302	0.002187559	0.005390770	0.331649542
0.000000000	1.058153510	1.996538162	0.000000000	2.158964396	2.289827347	0.002109432	0.000703144
0.333446473	0.000000000	1.068856955	1.563401461	1.942083597	2.498739243	0.000000000	2.511083364
2.279045820	2.239200830	2.249904394	0.002031305	0.007656456	0.544389665	0.000000000	1.377615213
2.150839090	0.000000000	2.313890457	2.367329359	0.002031305	0.000078127	0.330243260	0.000000000
0.000000000	1.199016690	1.741921902	2.351860285	2.362876177	0.002187559	0.003437593	0.330399513
0.000000000	1.055497169	1.994350553	0.000000000	2.158730030	2.289983511	0.002187559	0.000859398
0.332743347	0.000000000	1.067372441	1.561526418	1.938333392	2.494442225	0.000000000	2.508270741
2.259670258	2.222950459	2.256310701	0.002031305	0.006250168	0.544389665	0.000000000	1.375193238
2.143104553	0.000000000	2.307874680	2.364204407	0.002187559	0.004765753	0.327040046	0.000000000
0.000000000	1.190735221	1.732624769	2.314593554	2.341391087	0.002031305	0.005390770	0.331649542
0.000000000	1.055809736	2.012632370	0.000000000	2.173964739	2.294983625	0.002031305	0.005859533
0.334852755	0.000000000	1.071357012	1.564182758	1.945286751	2.501395464	0.000000000	2.509833097
2.261467218	2.226231813	2.239591599	0.002265686	0.005156389	0.555718064	0.000000000	1.392771840
2.167948961	0.000000000	2.321624994	2.370845079	0.002265686	0.003593847	0.326415032	0.000000000
0.000000000	1.190969586	1.734499812	2.319984436	2.346078873	0.002265686	0.002265686	1.261909008
1.661685348	2.350297689	0.000000000	2.359985352	2.408267975	0.002031305	0.001953178	0.334149629
0.000000000	1.155421734	1.659888506	2.031773567	2.547568560	0.000000000	2.545146704	2.277092457
2.225450516	2.242013454	0.002187559	0.007578329	0.565874636	0.000000000	1.400115848	2.152948618
0.000000000	2.315062284	2.371157646	0.002187559	0.003906355	0.329540133	0.000000000	0.000000000
1.204641819	1.747312665	2.355453968	2.362719774	0.002187559	0.003281338	0.336571574	0.000000000
1.062528610	2.014507294	0.000000000	2.170839787	2.297249317	0.002109432	0.000312508	0.336415321
0.000000000	1.479961753	1.806064248	2.080055952	2.578350782	0.000000000	2.559365749	2.287483454
2.296155691	2.312562227	0.002187559	0.000000000	0.701893926	0.000000000	1.495274663	2.210606337
0.000000000	2.342953682	2.387329817	0.002031305	0.004453245	0.330243260	0.000000000	0.000000000
1.208391905	1.751062751	2.359750986	2.369516850	0.002031305	0.002265686	0.331727684	0.000000000
1.060887933	2.013882399	0.000000000	2.170527220	2.296155691	0.002031305	0.007031439	0.334696501
0.000000000	1.071278811	1.564104676	1.945989847	2.501629829	0.000000000	2.513270855	2.263889074
2.227091312	2.240841627	0.002109432	0.006406423	0.548217893	0.000000000	1.377849579	2.209200144
0.000000000	2.347875834	2.385923624	0.002109432	0.003046957	0.330790162	0.000000000	0.000000000
1.197297812	1.744578242	2.338969231	2.359594822	0.002187559	0.000156254	0.332743347	0.000000000
1.058856606	2.012475967	0.000000000	2.170683384	2.294593096	0.002187559	0.005468897	0.332040191
0.000000000	1.068622470	1.562229514	1.940833569	2.495223522	0.000000000	2.509989500	2.261545181
2.225919247	2.240216494	0.002187559	0.005781406	0.547358513	0.000000000	1.377771497	2.158183098
0.000000000	2.363579273	2.398111343	0.002031305	0.007422075	0.330868274	0.000000000	0.000000000
1.203235507	1.739031196	2.337953568	2.360376120	0.002187559	0.000937525	0.334383994	0.000000000
1.059637904	2.011772871	0.000000000	2.165370703	2.291233540	0.002031305	0.002109432	0.332430840
0.000000000	1.067528725	1.562932730	1.947239995	2.501239300	0.000000000	2.513036489	2.262248516
2.225684881	2.239591599	0.002031305	0.005156389	0.547983527	0.000000000	1.375740170	2.134510517
0.000000000	2.304358959	2.362329245	0.001796923	0.002890703	0.330321401	0.000000000	0.000000000
1.192219615	1.734031081	2.327875137	2.346938133	0.002187559	0.003125084	0.333133966	0.000000000
1.061356664	2.007788420	0.000000000	2.167089701	2.292405367	0.002187559	0.003281338	0.332899600
0.000000000	1.072138190	1.569260955	1.947083712	2.501239300	0.000000000	2.513192654	2.262639046
2.225606918	2.239357233	0.001953178	0.004922008	0.547905385	0.000000000	1.377615213	2.138495207
0.000000000	2.308577776	2.361391783	0.002187559	0.001953178	0.422980130	0.000000000	0.000000000
1.276128173	1.786376238	2.372329473	2.376079559	0.002109432	0.001015652	0.331180781	0.000000000
1.068153739	2.000366449	0.000000000	2.164120674	2.294514894	0.002187559	0.005390770	0.333602726
0.000000000	1.071513176	1.566135883	1.946458697	2.501551628	0.000000000	2.513739586	2.262560844
2.225763083	2.240138531	0.002109432	0.005703279	0.548061609	0.000000000	1.375896454	2.145214081
0.000000000	2.310218573	2.365219831	0.002187559	0.005781406	0.331180781	0.000000000	0.000000000
1.205110550	1.803173542	2.393970728	2.386626720	0.002109432	0.003750101	0.333290219	0.000000000
1.058309793	2.008179188	0.000000000	2.169745922	2.297718048	0.002187559	0.000781271	0.333212107
0.000000000	1.072528839	1.566448450	1.944818020	2.505223751	0.000000000	2.518114805	2.264514208
2.227716208	2.241388559	0.002031305	0.006953312	0.546342850	0.000000000	1.375115156	2.148651600
0.000000000	2.311937332	2.364673138	0.002109432	0.005234516	0.329618245	0.000000000	0.000000000
1.195032239	1.737859249	2.329047203	2.358579159	0.002187559	0.006953312	0.332743347	0.000000000
1.060341001	2.015210629	0.000000000	2.171621084	2.296468019	0.002031305	0.007343948	0.333915234
0.000000000	1.068622470	1.561838984	1.943880439	2.497567177	0.000000000	2.513270855	2.265451670
2.227638006	2.241544724	0.002031305	0.007109567	0.547905385	0.000000000	1.376912117	2.148964167
0.000000000	2.311234236	2.366391897	0.002265686	0.006953312	0.330633909	0.000000000	0.000000000
1.478868008	1.911457777	2.446393967	2.418033838	0.001953178	0.003906355	0.333368361	0.000000000
1.098388910	2.038258076	0.000000000	2.194434166	2.313734293	0.002109432	0.001171907	0.333602726
0.000000000	1.063544273	1.563010812	1.947161794	2.501161098	0.000000000	2.514130116	2.263498545
2.227169275	2.240607262	0.001953178	0.006172041	0.545639694	0.000000000	1.375115156	2.152167320
0.000000000	2.313968658	2.365141869	0.002031305	0.005703279	0.325868160	0.000000000	0.000000000
1.184563160	1.731062293	2.326312542	2.349282026	0.002109432	0.005468897	0.845725894	1.383787274
2.198027849	0.000000000	2.270998716	2.355766535	0.002187559	0.004140737	0.331180781	0.000000000
1.115967512	1.619340539	1.993100524	2.526239872	0.000000000	2.532255650	2.276077032	2.229825735
2.244200945	0.002109432	0.001953178	0.551889837	0.000000000	1.378630877	2.152167320	0.000000000
2.314280987	2.366079330	0.002187559	0.006640804	0.327430695	0.000000000	0.000000000	1.188469529
1.734031081	2.321312428	2.345922470	0.002187559	0.002109432	0.331180781	0.000000000	1.173859715
2.085524797	0.000000000	2.209356308	2.318734407	0.002187559	0.006172041	0.333368361	0.000000000
1.071982026	1.574182987	1.957630873	2.494989157	0.000000000	2.512255192	2.263342142	2.225216150
2.238888502	0.002109432	0.004453245	0.547358513	0.000000000	1.374412060	2.149354696	0.000000000
2.312562227	2.365063667	0.002187559	0.005625152	0.328368217	0.000000000	0.000000000	1.185813189
1.731843472	2.318656206	2.344281912	0.002187559	0.000468763	0.332587093	0.000000000	1.057372212
2.004585266	0.000000000	2.190215349	2.307874680	0.001953178	0.003125084	0.334071487	0.000000000
1.070888162	1.563401461	1.950052500	2.506317616	0.000000000	2.519208431	2.266701698	2.227013111
2.241154194	0.002187559	0.006718931	0.546733499	0.000000000	1.376833916	2.154823542	0.000000000
2.317484379	2.366626263	0.002265686	0.007187693	0.329618245	0.000000000	0.000000000	1.185735106
1.729890347	2.321390629	2.347250700	0.002265686	0.003437593	0.331258923	0.000000000	1.058075428
2.000522614	0.000000000	2.162636280	2.288889885	0.002031305	0.007578329	0.336024672	0.000000000
1.071747661	1.565432787	1.941927314	2.483895063	0.000000000	2.503036261	2.258576393	2.223575592
2.238888502	0.002031305	0.004453245	0.548452258	0.000000000	1.375427723	2.156933069	0.000000000
2.316859245	2.367641926	0.002109432	0.000390636	0.327821314	0.000000000	0.000000000	1.185188174
1.732859135	2.330609560	2.352329016	0.002265686	0.000703144	0.332274586	0.000000000	1.059403539
1.995522499	0.000000000	2.159511328	2.288186550	0.002109432	0.006875185	0.408370376	0.000000000
1.130186677	1.603011966	1.967943668	2.514599085	0.000000000	2.520927191	2.267795563	2.236310244
2.250763655	0.001875050	0.000703144	0.549858570	0.000000000	1.379958987	2.160761356	0.000000000
2.319593668	2.368970156	0.002187559	0.001718796	0.329696387	0.000000000	0.000000000	1.185735106
1.731609106	2.324281454	2.492176533	0.001328161	0.007734583	1.380896568	1.718483806	2.427252769
0.000000000	2.408814907	2.453425407	0.002343813	0.000234381	0.333602726	0.000000000	1.172140956
1.673326254	2.038179874	2.527099371	0.000000000	2.532333851	2.275295734	2.228028774	2.247326136
0.002031305	0.005078262	0.559546292	0.000000000	1.385037303	2.166855335	0.000000000	2.324828148
2.432956219	0.002109432	0.003203211	0.328836977	0.000000000	0.000000000	1.228158116	1.758016109
2.332562923	2.361235380	0.002109432	0.001796923	0.331805825	0.000000000	1.060106635	2.119041443
0.000000000	2.231466293	2.329984665	0.002265686	0.001796923	0.333993375	0.000000000	1.069247603
1.581683278	1.964662313	2.510614395	0.000000000	2.520458460	2.264592171	2.227325678	2.240372896
0.002109432	0.005937660	0.548061609	0.000000000	1.377849579	2.145526648	0.000000000	2.309593439
2.363423109	0.002187559	0.003984482	0.328133851	0.000000000	0.000000000	1.190813303	1.735124826
2.328969002	2.350219488	0.002265686	0.006406423	0.440871239	0.000000000	1.148780942	2.061149359
0.000000000	2.230372667	2.334984779	0.002109432	0.006797058	0.333446473	0.000000000	1.081591606
1.576917410	1.956380844	2.507255077	0.000000000	2.518427134	2.265686035	2.226856947	2.240372896
0.002109432	0.005937660	0.548296034	0.000000000	1.379412174	2.160214424	0.000000000	2.318187475
2.368266821	0.002343813	0.001015652	0.326415032	0.000000000	0.000000000	1.191907048	1.738015532
2.353657246	2.365298033	0.002265686	0.005859533	0.331493288	0.000000000	1.055731535	1.999506950
0.000000000	2.160448790	2.290686607	0.002031305	0.001562542	0.334852755	0.000000000	1.075419545
1.567464113	1.941302299	2.484910727	0.000000000	2.503661156	2.258888960	2.224278688	2.239357233
0.002031305	0.004922008	0.548842907	0.000000000	1.377615213	2.156464338	0.000000000	2.314827919
2.366704464	0.002265686	0.007265821	0.328680724	0.000000000	0.000000000	1.190188289	1.737468719
2.345453739	2.359907389	0.002187559	0.000468763	0.331962079	0.000000000	1.057762861	1.993647456
0.000000000	2.157636166	2.287874222	0.002109432	0.006562677	0.470090777	0.000000000	1.174094081
1.627231359	1.975365639	2.517099142	0.000000000	2.524599314	2.269826651	2.243263483	2.258107662
0.002109432	0.000234381	0.548139751	0.000000000	1.374021411	2.146307707	0.000000000	2.309359074
2.363579273	0.002109432	0.004140737	0.329149485	0.000000000	0.000000000	1.189563274	1.731062293
2.318968773	2.344516277	0.000937525	0.000703144	0.336962193	0.000000000	1.074013352	2.025523186
0.000000000	2.174980402	2.295296192	0.002109432	0.006172041	0.333680868	0.000000000	1.157531142
1.630981445	1.987006664	2.527724266	0.000000000	2.529911995	2.272014380	2.231310129	2.251310587
0.002187559	0.001250034	0.551733613	0.000000000	1.381677866	2.150839090	0.000000000	2.311702967
2.366235495	0.002109432	0.006797058	0.327196300	0.000000000	0.000000000	1.203469872	1.744578242
2.348500729	2.360219717	0.002343813	0.000781271	0.331883937	0.000000000	1.058700442	2.005991459
0.000000000	2.165058374	2.292405367	0.002187559	0.003281338	0.332899600	0.000000000	1.069403768
1.562229514	1.989584804	2.520380259	0.000000000	2.526552439	2.270451784	2.231153727	2.243810415
0.002109432	0.001562542	0.553139925	0.000000000	1.378240228	2.135682583	0.000000000	2.304983854
2.360141754	0.001875050	0.000703144	0.327977568	0.000000000	0.000000000	1.189328909	1.732781053
2.319984436	2.344906807	0.002265686	0.001093779	0.331571430	0.000000000	1.061278582	2.010835409
0.000000000	2.168964624	2.292639971	0.002265686	0.003515720	0.332977712	0.000000000	1.070419431
1.564807773	1.946614981	2.505145550	0.000000000	2.519911528	2.267248631	2.227247477	2.240529060
0.002031305	0.006093914	0.550717950	0.000000000	1.376521468	2.162011385	0.000000000	2.319750071
2.369595051	0.002109432	0.002343813	0.327743202	0.000000000	0.000000000	1.188391328	1.735515475
2.339047432	2.358110428	0.002265686	0.006484549	0.331415176	0.000000000	1.054481506	2.002085209
0.000000000	2.157948732	2.290686607	0.002187559	0.001562542	0.333602726	0.000000000	1.071122646
1.563792109	1.948880553	2.504129887	0.000000000	2.515380144	2.286077261	2.241232157	2.247794867
0.002187559	0.005547024	0.546420991	0.000000000	1.377380848	2.159198761	0.000000000	2.319828033
2.370063782	0.002109432	0.002812576	0.327899456	0.000000000	0.000000000	1.189485192	1.731452823
2.314827919	2.343422413	0.002109432	0.007422075	0.334383994	0.000000000	1.060106635	2.010913610
0.000000000	2.169511557	2.292639971	0.002109432	0.003515720	0.335009009	0.000000000	1.071122646
1.566057801	1.945833683	2.501395464	0.000000000	2.512333393	2.263342142	2.226466179	2.300843239
0.001796923	0.003906355	0.544467807	0.000000000	1.892394662	2.450690985	0.000000000	2.487488747
2.475301027	0.002187559	0.006484549	0.329227626	0.000000000	0.000000000	1.238548994	1.778485417
2.341860056	2.368891954	0.002187559	0.001640669	0.332587093	0.000000000	1.062762976	2.010132313
0.000000000	2.168261528	2.294514894	0.002109432	0.005390770	0.333524615	0.000000000	1.068856955
1.564807773	1.948646188	2.503817320	0.000000000	2.516395807	2.264045238	2.246857405	2.252404451
0.001953178	0.002343813	0.548530400	0.000000000	1.380037189	2.141385794	0.000000000	2.310452938
2.365063667	0.002265686	0.005625152	0.331493288	0.000000000	0.000000000	1.580355048	1.976850152
2.466316462	2.431159258	0.002265686	0.001406288	0.332508951	0.000000000	1.056669116	1.991303682
0.000000000	2.173964739	2.305921555	0.002109432	0.001171907	0.335477799	0.000000000	1.069950700
1.562385798	1.944114804	2.498973608	0.000000000	2.512802124	2.262560844	2.225684881	2.264045238
0.002031305	0.006172041	0.549077272	0.000000000	1.378630877	2.140291929	0.000000000	2.306780815
2.365766764	0.002187559	0.006328295	0.331102669	0.000000000	0.000000000	1.205110550	1.742390633
2.345453739	2.358579159	0.002187559	0.006953312	0.332040191	0.000000000	1.058387876	2.002553940
0.000000000	2.161542654	2.291233540	0.002109432	0.002109432	0.333837122	0.000000000	1.070263147
1.564182758	1.944427371	2.503895521	0.000000000	2.516630173	2.263498545	2.227169275	2.241075993
0.000000000	0.053517066	0.556030571	0.000000000	1.388006091	2.164355278	0.000000000	2.321312428
2.370532513	0.002187559	0.003281338	0.332821459	0.000000000	0.000000000	1.201360464	1.739187479
2.336859703	2.355376005	0.002109432	0.003750101	0.333915234	0.000000000	1.060497284	2.010210276
0.000000000	2.164120674	2.293343067	0.002109432	0.004218864	0.336337179	0.000000000	1.070731997
1.565979719	1.946224332	2.503661156	0.000000000	2.518505335	2.264514208	2.227872610	2.240841627
0.002187559	0.006406423	0.546108484	0.000000000	1.469023943	2.201543570	0.000000000	2.343891144
2.384439230	0.002109432	0.001562542	0.327430695	0.000000000	0.000000000	1.197922945	1.739890575
2.333890915	2.356235266	0.002187559	0.004609499	0.333758980	0.000000000	1.058622241	2.011772871
0.000000000	2.169589758	2.293186665	0.002109432	0.004062609	0.333446473	0.000000000	1.066513062
1.563245177	1.945130467	2.496004820	0.000000000	2.504598618	2.257717133	2.221856594	2.236935139
0.002031305	0.002500067	0.545405328	0.000000000	1.375115156	2.134432554	0.000000000	2.328734636
2.426471710	0.001484415	0.004531372	0.332196444	0.000000000	0.000000000	1.197063446	1.742156267
2.358500957	2.367563725	0.002109432	0.000312508	0.332508951	0.000000000	1.057372212	2.012944937
0.000000000	2.168730259	2.295061827	0.002031305	0.005937660	0.331962079	0.000000000	1.074091434
1.566839099	1.948880553	2.502801895	0.000000000	2.514911413	2.264123440	2.227638006	2.241935492
0.001875050	0.007500202	0.546967864	0.000000000	1.375505805	2.147011042	0.000000000	2.319437504
2.370923281	0.002031305	0.003671974	0.330712020	0.000000000	0.000000000	1.199954152	1.736921787
2.332875252	2.354907274	0.002187559	0.003281338	0.331258923	0.000000000	1.058387876	2.004194498
0.000000000	2.164042711	2.289827347	0.001953178	0.000703144	0.335712165	0.000000000	1.071044445
1.566057801	1.944193006	2.500458002	0.000000000	2.514364481	2.263576508	2.227169275	2.241232157
0.002031305	0.006797058	0.547749102	0.000000000	1.376912117	2.153886080	0.000000000	2.314515352
2.367094994	0.001484415	0.007656456	0.331727684	0.000000000	0.000000000	1.190422654	1.736999869
2.332719088	2.352250814	0.002187559	0.000625017	0.334227741	0.000000000	1.063856721	2.015288591
0.000000000	2.172167778	2.294593096	0.002187559	0.005468897	0.335712165	0.000000000	1.070653796
1.564729691	1.944583654	2.502645493	0.000000000	2.516005278	2.262951612	2.227091312	2.240450859
0.002031305	0.006015787	0.545952201	0.000000000	1.378708959	2.160136223	0.000000000	2.319359303
2.368579388	0.002265686	0.001328161	0.328915119	0.000000000	0.000000000	1.281206369	1.787626266
2.352250814	2.365454435	0.002187559	0.006015787	0.332977712	0.000000000	1.076747775	2.016929388
0.000000000	2.172011614	2.297952414	0.002187559	0.001015652	0.334383994	0.000000000	1.068700671
1.566995382	1.948255539	2.488113880	0.000000000	2.506005049	2.259592056	2.223497391	2.238029003
0.002031305	0.003593847	0.549936712	0.000000000	1.378552794	2.149979830	0.000000000	2.311546564
2.365766764	0.001640669	0.006328295	0.331883937	0.000000000	0.000000000	1.315504193	1.820674062
2.427252769	2.409830570	0.002031305	0.003515720	0.334462136	0.000000000	1.064169288	2.011460304
0.000000000	2.173574209	2.306468248	0.002109432	0.001718796	0.335321516	0.000000000	1.069403768
1.563635826	1.945989847	2.488816977	0.000000000	2.507879972	2.261076450	2.224122286	2.239122868
0.002031305	0.004687626	0.550405443	0.000000000	1.379802823	2.158495665	0.000000000	2.316546679
2.368813753	0.002109432	0.001562542	0.331024528	0.000000000	0.000000000	1.203157425	1.813017607
2.387095451	2.384283066	0.002109432	0.001406288	0.901352406	1.428397894	2.233575821	0.000000000
2.297093153	2.375298262	0.002187559	0.000234381	0.335790306	0.000000000	1.121670842	1.622387409
1.999506950	2.527646303	0.000000000	2.533740044	2.274983168	2.229434967	2.244747877	0.002187559
0.002500067	0.554702461	0.000000000	1.384099722	2.160058260	0.000000000	2.319593668	2.371079445
0.002109432	0.003828228	0.330087006	0.000000000	0.000000000	1.202141762	1.742468834	2.440065622
2.416705608	0.002109432	0.002578194	0.333602726	0.000000000	1.058778524	2.004194498	0.000000000
2.175683498	2.305999517	0.002031305	0.001250034	0.335243404	0.000000000	1.071357012	1.569026589
1.948333740	2.500848532	0.000000000	2.516083479	2.263889074	2.227091312	2.241232157	0.002109432
0.006797058	0.547280371	0.000000000	1.374021411	2.138729572	0.000000000	2.306546450	2.361782312
0.002109432	0.002343813	0.330477655	0.000000000	0.000000000	1.194094658	1.738249898	2.353188276
2.375454664	0.002031305	0.000390636	0.335790306	0.000000000	1.060887933	2.012866735	0.000000000
2.167948961	2.297640085	0.002109432	0.000703144	0.333212107	0.000000000	1.069872618	1.563167095
1.945755482	2.501239300	0.000000000	2.514755249	2.262639046	2.225919247	2.240919828	0.002109432
0.006484549	0.547436595	0.000000000	1.374958873	2.143182755	0.000000000	2.311468601	2.363423109
0.002265686	0.003984482	0.327899456	0.000000000	0.000000000	1.191438317	1.729734063	2.314827919
2.342797518	0.002187559	0.006797058	0.346259326	0.000000000	1.073778868	2.013335466	0.000000000
2.168652058	2.292093039	0.002031305	0.002968830	0.401651442	0.000000000	1.226048589	1.666763663
2.011382341	2.538974524	0.000000000	2.537255764	2.274904966	2.254123211	2.270998716	0.001875050
0.005312643	0.555561841	0.000000000	1.384021640	2.159354925	0.000000000	2.316390514	2.366860628
0.002109432	0.007422075	0.329227626	0.000000000	0.000000000	1.206594944	1.745828271	2.336781740
2.355610371	0.002187559	0.003984482	0.349071890	0.000000000	1.081513524	2.024038792	0.000000000
2.173027277	2.298655748	0.002187559	0.001718796	0.333758980	0.000000000	1.072528839	1.568635941
1.950365067	2.503973722	0.000000000	2.517645836	2.264904737	2.226153612	2.240529060	0.002109432
0.006093914	0.545405328	0.000000000	1.371521354	2.141229630	0.000000000	2.309280872	2.363579273
0.002265686	0.004140737	0.329071373	0.000000000	0.000000000	1.197063446	1.740906239	2.350375891
2.360923052	0.000000000	0.017109836	0.340868562	0.000000000	1.075185180	2.022710800	0.000000000
2.168730259	2.296858788	0.002031305	0.007734583	0.336727828	0.000000000	1.071669459	1.567698479
1.951771259	2.504442453	0.000000000	2.514833450	2.265920401	2.227716208	2.241232157	0.002031305
0.006797058	0.547905385	0.000000000	1.376912117	2.155917406	0.000000000	2.316077948	2.368032455
0.002031305	0.000781271	0.331337035	0.000000000	0.000000000	1.215970278	1.890597820	2.420768261
2.406002283	0.002031305	0.007500202	0.333915234	0.000000000	1.060575485	2.004741430	0.000000000
2.178105593	2.303655863	0.002109432	0.006718931	0.334071487	0.000000000	1.072294474	1.565510869
1.945364833	2.499129772	0.000000000	2.517020941	2.263732910	2.226544380	2.241700888	0.001953178
0.007265821	0.546499074	0.000000000	1.373630762	2.146698475	0.000000000	2.310687304	2.364516735
0.002187559	0.005078262	0.330087006	0.000000000	0.000000000	1.196750998	1.741999984	2.371782541
2.376782656	0.001875050	0.001718796	0.332430840	0.000000000	1.055653453	2.005600929	0.000000000
2.162480116	2.295140028	0.002109432	0.006015787	0.334618390	0.000000000	1.073778868	1.564651489
1.946302414	2.503739357	0.000000000	2.515536547	2.264123440	2.226075649	2.240607262	0.002031305
0.006172041	0.549155414	0.000000000	1.378162146	2.156933069	0.000000000	2.315374851	2.368345022
0.002265686	0.001093779	0.331258923	0.000000000	0.000000000	1.204251170	1.741453171	2.336234808
2.353969574	0.001796923	0.002343813	0.333602726	0.000000000	1.066044331	2.013960600	0.000000000
2.169980288	2.294124365	0.002187559	0.005000134	0.334696501	0.000000000	1.074403882	1.567229748
1.947552443	2.503036261	0.000000000	2.515380144	2.263967276	2.226778746	2.241075993	0.002031305
0.006640804	0.548139751	0.000000000	1.377302766	2.144588947	0.000000000	2.307327747	2.363969803
0.002187559	0.004531372	0.331258923	0.000000000	0.000000000	1.201516747	1.744734526	2.354047775
2.363813639	0.002187559	0.004375118	0.493450791	0.000000000	1.175891042	2.081462383	0.000000000
2.208653212	2.318812370	0.002187559	0.006250168	0.332508951	0.000000000	1.083701015	1.581448793
1.961771607	2.510692596	0.000000000	2.520536661	2.266154766	2.226544380	2.241388559	0.002031305
0.006953312	0.548061609	0.000000000	1.376287103	2.146932840	0.000000000	2.309671640	2.364907503
0.002187559	0.005468897	0.329149485	0.000000000	0.000000000	1.201516747	1.739578128	2.341703653
2.356157303	0.002109432	0.004531372	0.333212107	0.000000000	1.062528610	2.050758362	0.000000000
2.193262100	2.309983969	0.002109432	0.005234516	0.332977712	0.000000000	1.069481969	1.566839099
1.948568106	2.502958059	0.000000000	2.516005278	2.263967276	2.227325678	2.241622925	0.002031305
0.007187693	0.546889722	0.000000000	1.375115156	2.139198303	0.000000000	2.305999517	2.362251043
0.002109432	0.002812576	0.327743202	0.000000000	0.000000000	1.190188289	1.937942863	2.479832411
2.437721968	0.002187559	0.000156254	0.332274586	0.000000000	1.057762861	1.991303682	0.000000000
2.203340530	2.324437618	0.002109432	0.004062609	0.333524615	0.000000000	1.068935037	1.564339042
1.947630525	2.500926733	0.000000000	2.515536547	2.263576508	2.224591255	2.238263369	0.002109432
0.003828228	0.548217893	0.000000000	1.375349522	2.150448561	0.000000000	2.312249660	2.365923166
0.002265686	0.006484549	0.330477655	0.000000000	0.000000000	1.202844858	1.740359426	2.328734636
2.349594593	0.002265686	0.005781406	0.330399513	0.000000000	1.057762861	2.011460304	0.000000000
2.170214653	2.314906120	0.002031305	0.002343813	0.335946560	0.000000000	1.072763324	1.564417124
1.942317963	2.496942282	0.000000000	2.516005278	2.263498545	2.226622581	2.241700888	0.002031305
0.007265821	0.545483410	0.000000000	1.371130705	2.133182526	0.000000000	2.302796364	2.360376120
0.002031305	0.000937525	0.329618245	0.000000000	0.000000000	1.201282382	1.736609221	2.346078873
2.358344793	0.002187559	0.006718931	0.333290219	0.000000000	1.059715986	2.009975910	0.000000000
2.163105011	2.291780472	0.002031305	0.002656322	0.515560746	0.000000000	1.196282268	1.641684890
1.988100410	2.508661270	0.000000000	2.516786575	2.266310930	2.245607376	2.260373354	0.002109432
0.002500067	0.553686798	0.000000000	1.384099722	2.161698818	0.000000000	2.319671869	2.368813753
0.002265686	0.001562542	0.328446358	0.000000000	0.000000000	1.186985135	1.730359077	2.321859360
2.409830570	0.001875050	0.003515720	0.332196444	0.000000000	1.064950585	2.017710686	0.000000000
2.170761585	2.301937103	0.002187559	0.005000134	0.506185532	0.000000000	1.206829429	1.650122523
1.995756865	2.528505564	0.000000000	2.528427362	2.271467447	2.249201298	2.264904737	0.002109432
0.007031439	0.550561726	0.000000000	1.380505919	2.152089119	0.000000000	2.311780930	2.364985466
0.002265686	0.005547024	0.327743202	0.000000000	0.000000000	1.209095120	1.745515704	2.323968887
2.347094536	0.002109432	0.003281338	0.332352698	0.000000000	1.455664158	2.233263254	0.000000000
2.296155691	2.370454550	0.002109432	0.003203211	0.333837122	0.000000000	1.264096498	1.713796139
2.053180218	2.563272238	0.000000000	2.554287434	2.285530329	2.255607605	2.270686150	0.002187559
0.005000134	0.559311926	0.000000000	1.390584350	2.166542768	0.000000000	2.319906235	2.371626377
0.002187559	0.004375118	0.328133851	0.000000000	0.000000000	1.202766776	1.741531253	2.335531712
2.354282141	0.002109432	0.002656322	0.333602726	0.000000000	1.063387990	2.011382341	0.000000000
2.164824009	2.293811798	0.002265686	0.004687626	0.335946560	0.000000000	1.070497632	1.635043979
1.994506836	2.532099485	0.000000000	2.533036947	2.272717476	2.232247591	2.241232157	0.002031305
0.006797058	0.552592993	0.000000000	1.381912231	2.157089233	0.000000000	2.316390514	2.368345022
0.002265686	0.001093779	0.329383880	0.000000000	0.000000000	1.187375784	1.735124826	2.341469288
2.357563496	0.002109432	0.005937660	0.335243404	0.000000000	1.063622355	2.012398005	0.000000000
2.168730259	2.295296192	0.002109432	0.006172041	0.334696501	0.000000000	1.070497632	1.562542081
1.949349403	2.533818245	0.000000000	2.534130812	2.269748688	2.229747534	2.240529060	0.002031305
0.006093914	0.552592993	0.000000000	1.382693529	2.156620502	0.000000000	2.314515352	2.373032570
0.002109432	0.005781406	0.330243260	0.000000000	0.000000000	1.571057916	1.964740396	2.457566261
2.427487135	0.002187559	0.005547024	0.332977712	0.000000000	1.112451792	2.043726921	0.000000000
2.284358501	2.373423338	0.001953178	0.006172041	0.335946560	0.000000000	1.065888047	1.565354705
1.946614981	2.522099257	0.000000000	2.532021284	2.272326708	2.232638359	2.243497849	0.001953178
0.001250034	0.552436769	0.000000000	1.382771611	2.162167549	0.000000000	2.321000099	2.370063782
0.002109432	0.002812576	0.329461992	0.000000000	0.000000000	1.189563274	1.734968543	2.335219145
2.355532169	0.002187559	0.003906355	0.331805825	0.000000000	1.056903481	1.998725653	0.000000000
2.160839558	2.288889885	0.002109432	0.007578329	0.334305882	0.000000000	1.069950700	1.563870192
1.943724275	2.499442339	0.000000000	2.512411356	2.267639160	2.229278803	2.243107319	0.002187559
0.000859398	0.545795977	0.000000000	1.376052737	2.145370245	0.000000000	2.308733940	2.365610600
0.002265686	0.006172041	0.329540133	0.000000000	0.000000000	1.203704238	1.744500160	2.353344679
2.361235380	0.001953178	0.001796923	0.331883937	0.000000000	1.057215929	2.012241602	0.000000000
2.169198990	2.294280529	0.002187559	0.005156389	0.333602726	0.000000000	1.069794416	1.563010812
1.945443034	2.500770569	0.000000000	2.514208317	2.262326479	2.250451326	2.256310701	0.002031305
0.006250168	0.545795977	0.000000000	1.375896454	2.139432669	0.000000000	2.307405949	2.363813639
0.002109432	0.004375118	0.328133851	0.000000000	0.000000000	1.192922711	1.732702971	2.322953224
2.347406864	0.002109432	0.003593847	0.334071487	0.000000000	1.059950471	2.008647919	0.000000000
2.167792797	2.292093039	0.002187559	0.002968830	0.333837122	0.000000000	1.070341349	1.564573407
1.946693063	2.501708031	0.000000000	2.513583422	2.263029575	2.227013111	2.240997791	0.001875050
0.006562677	0.546811581	0.000000000	1.376443267	2.140838861	0.000000000	2.308733940	2.361860514
0.002109432	0.002421940	0.328290105	0.000000000	0.000000000	1.187531948	1.733093500	2.331234694
2.352953911	0.002187559	0.001328161	0.334462136	0.000000000	1.062059879	2.002241373	0.000000000
2.162323952	2.289046049	0.002031305	0.007734583	0.334305882	0.000000000	1.072060108	1.567151546
1.949661851	2.503739357	0.000000000	2.514599085	2.264436007	2.227013111	2.241466522	0.002109432
0.007031439	0.625719965	0.000000000	1.439726233	2.194277763	0.000000000	2.339828730	2.381157875
0.002031305	0.006093914	0.329305738	0.000000000	0.000000000	1.194250941	1.739421844	2.329515934
2.353032112	0.002187559	0.001406288	0.331727684	0.000000000	1.058934808	2.005679131	0.000000000
2.164901972	2.290843010	0.001953178	0.001718796	0.334227741	0.000000000	1.072294474	1.564182758
1.943255424	2.500145435	0.000000000	2.513270855	2.262092113	2.225216150	2.239904165	0.002031305
0.005468897	0.547671020	0.000000000	1.372849464	2.210215807	0.000000000	2.349906921	2.386626720
0.002265686	0.003750101	0.329540133	0.000000000	0.000000000	1.193704009	1.739656210	2.326625109
2.352407217	0.002109432	0.000781271	0.331337035	0.000000000	1.059481621	2.011616707	0.000000000
2.162089586	2.287483454	0.002265686	0.006172041	0.335477799	0.000000000	1.073622704	1.567620397
1.945364833	2.499520540	0.000000000	2.512098789	2.265451670	2.229669333	2.243341684	0.002031305
0.001093779	0.545170903	0.000000000	1.582620740	2.280452013	0.000000000	2.410377502	2.425143480
0.002031305	0.003203211	0.329618245	0.000000000	0.000000000	1.209485650	1.756219149	2.349438190
2.368735552	0.002187559	0.001484415	0.330243260	0.000000000	1.055497169	1.996850610	0.000000000
2.161386251	2.290843010	0.002031305	0.001718796	0.333758980	0.000000000	1.068388104	1.724812031
2.220762968	2.661868572	0.000000000	2.605382681	2.316312313	2.257091999	2.258732796	0.001953178
0.000859398	0.578921854	0.000000000	1.404178381	2.153886080	0.000000000	2.341703653	2.387564182
0.002109432	0.004687626	0.328915119	0.000000000	0.000000000	1.197063446	1.744265676	2.350063324
2.361938715	0.002031305	0.002500067	0.333758980	0.000000000	1.059637904	2.012475967	0.000000000
2.170683384	2.295764923	0.002187559	0.006640804	0.332743347	0.000000000	1.067059994	1.560354471
1.941927314	2.499129772	0.000000000	2.512098789	2.262873411	2.302093267	2.296858788	0.002109432
0.007734583	0.547046006	0.000000000	1.384177923	2.142088890	0.000000000	2.397330284	2.422409058
0.002343813	0.000468763	0.332587093	0.000000000	0.000000000	1.210891962	1.759891152	2.355532169
2.372173309	0.002265686	0.004922008	0.332665205	0.000000000	1.057372212	2.008804083	0.000000000
2.168261528	2.293655634	0.002031305	0.004531372	0.332274586	0.000000000	1.070341349	1.562542081
1.940677285	2.496004820	0.000000000	2.510380030	2.261076450	2.226310015	2.239904165	0.002031305
0.005468897	0.543842793	0.000000000	1.373865128	2.148026705	0.000000000	2.309749603	2.381626606
0.002109432	0.006562677	0.329774499	0.000000000	0.000000000	1.208001256	1.743015647	2.346078873
2.362016678	0.002187559	0.002578194	0.331649542	0.000000000	1.055497169	2.008647919	0.000000000
2.166386366	2.292249203	0.002031305	0.003125084	0.333446473	0.000000000	1.070028782	1.563323379
1.940208554	2.492489100	0.000000000	2.507802010	2.259357691	2.224903584	2.239357233	0.002109432
0.004922008	0.547514737	0.000000000	1.376208901	2.150761127	0.000000000	2.311468601	2.365298033
0.000000000	0.021484954	0.335790306	0.000000000	0.000000000	1.210345149	1.746140718	2.353813410
2.364204407	0.002187559	0.004765753	0.331649542	0.000000000	1.058465958	1.995209932	0.000000000
2.158651829	2.288577318	0.002109432	0.007265821	0.335009009	0.000000000	1.067997456	1.561995149
1.944974303	2.500692368	0.000000000	2.511083364	2.262248516	2.226856947	2.240607262	0.002109432
0.006172041	0.547671020	0.000000000	1.384959221	2.164667606	0.000000000	2.319906235	2.370220184
0.002187559	0.002968830	0.328758866	0.000000000	0.000000000	1.302144408	1.804814219	2.368345022
2.373657703	0.002187559	0.006406423	0.331415176	0.000000000	1.078544617	2.018413782	0.000000000
2.173417807	2.300374508	0.002187559	0.003437593	0.333212107	0.000000000	1.065419316	1.561292052
1.947239995	2.502723694	0.000000000	2.514677048	2.263264179	2.225997448	2.240294695	0.001953178
0.005859533	0.546967864	0.000000000	1.374724507	2.138417006	0.000000000	2.304515123	2.360610485
0.002343813	0.001171907	0.330008894	0.000000000	0.000000000	1.200579166	1.803876758	2.392798901
2.386783123	0.002109432	0.003906355	0.330868274	0.000000000	1.057372212	2.002788305	0.000000000
2.168183327	2.297249317	0.002109432	0.000312508	0.332508951	0.000000000	1.067450643	1.561526418
1.942708611	2.499129772	0.000000000	2.512098789	2.262873411	2.225919247	2.239513397	0.002031305
0.005078262	0.546342850	0.000000000	1.379958987	2.161230087	0.000000000	2.319124937	2.369282484
0.002265686	0.002031305	0.328524470	0.000000000	0.000000000	1.191047668	1.736687422	2.598116875
2.510223866	0.002031305	0.002343813	0.335087150	0.000000000	1.059403539	1.995288134	0.000000000
2.192168474	2.323656321	0.002031305	0.003281338	0.335009009	0.000000000	1.069872618	1.563167095
1.943333626	2.500458002	0.000000000	2.519208431	2.265842199	2.227872610	2.241310358	0.002031305
0.006875185	0.545249045	0.000000000	1.375115156	2.133729219	0.000000000	2.305296421	2.361547947
0.002187559	0.002109432	0.328290105	0.000000000	0.000000000	1.194563389	1.736531138	2.353266478
2.379829645	0.000000000	0.036016595	0.352431357	0.000000000	1.085029244	2.011225939	0.000000000
2.169980288	2.300061941	0.002031305	0.003125084	0.332508951	0.000000000	1.070263147	1.567620397
1.949505568	2.493895292	0.000000000	2.511552095	2.257951498	2.220997334	2.236700773	0.002031305
0.002265686	0.549546063	0.000000000	1.376365185	2.135682583	0.000000000	2.301077604	2.356860399
0.002109432	0.005234516	0.332352698	0.000000000	0.000000000	1.196282268	1.736140490	2.323656321
2.347875834	0.001562542	0.004062609	0.335087150	0.000000000	1.061044216	1.996459961	0.000000000
2.161151886	2.288420916	0.002031305	0.007109567	0.334383994	0.000000000	1.072841406	1.566604733
1.945521116	2.504598618	0.000000000	2.517177105	2.263420343	2.228653669	2.241935492	0.002031305
0.007500202	0.547592878	0.000000000	1.374880791	2.153808117	0.000000000	2.313734293	2.366704464
0.002187559	0.007265821	0.328133851	0.000000000	0.000000000	1.191985250	1.738640547	2.352719545
2.364438772	0.002109432	0.005000134	0.348525017	0.000000000	1.080810308	2.018569946	0.000000000
2.171386719	2.297249317	0.002187559	0.000312508	0.334305882	0.000000000	1.073622704	1.566995382
1.949583769	2.503895521	0.000000000	2.516317844	2.264123440	2.226466179	2.240763426	0.002031305
0.006328295	0.549702287	0.000000000	1.379724622	2.155136108	0.000000000	2.314749956	2.367407560
0.002265686	0.000156254	0.329305738	0.000000000	0.000000000	1.201438546	1.740437508	2.333734751
2.352407217	0.002187559	0.000781271	0.330946416	0.000000000	1.366911769	2.208028316	0.000000000
2.279280186	2.358969688	0.002031305	0.007343948	0.333837122	0.000000000	1.071825743	1.593792915
1.982240915	2.523192883	0.000000000	2.530615091	2.271701813	2.230684996	2.241388559	0.002109432
0.006953312	0.552983642	0.000000000	1.382693529	2.146542072	0.000000000	2.312406063	2.364594936
0.002265686	0.005156389	0.327977568	0.000000000	0.000000000	1.197376013	1.925833106	2.444362640
2.418736935	0.002187559	0.004609499	0.332118332	0.000000000	1.062294245	2.109197378	0.000000000
2.242404222	2.343110085	0.002109432	0.007109567	0.333133966	0.000000000	1.070263147	1.576136231
1.962396622	2.510458231	0.000000000	2.519911528	2.267560959	2.228497505	2.239044666	0.002109432
0.004609499	0.552124262	0.000000000	1.383943558	2.162089586	0.000000000	2.320374966	2.370298147
0.002187559	0.003046957	0.326415032	0.000000000	0.000000000	1.196204066	1.737312436	2.326547146
2.349516392	0.002109432	0.005703279	0.332118332	0.000000000	1.057294130	2.002710104	0.000000000
2.193262100	2.312484264	0.001953178	0.007734583	0.331024528	0.000000000	1.068388104	1.561370134
1.940052271	2.495067120	0.000000000	2.510223866	2.262639046	2.225763083	2.239904165	0.002109432
0.005468897	0.548296034	0.000000000	1.379412174	2.159511328	0.000000000	2.318421841	2.368579388
0.002265686	0.001328161	0.328133851	0.000000000	0.000000000	1.192297697	1.736531138	2.345610142
2.360376120	0.002109432	0.000937525	0.330868274	0.000000000	1.056044102	2.005288363	0.000000000
2.159511328	2.291233540	0.000000000	0.025547562	0.338368475	0.000000000	1.073700786	1.567932844
1.950208783	2.503426790	0.000000000	2.513661385	2.278577089	2.239279032	2.249591827	0.002109432
0.007343948	0.545952201	0.000000000	1.379412174	2.153104782	0.000000000	2.314280987	2.367407560
0.002187559	0.000156254	0.328758866	0.000000000	